
strategic_region={
	id=1
	name="STRATEGICREGION_1"
	provinces={
		15 18 19 40 60 105 110 112 148 151 153 161 228 245 246 361 395 443 475 508 540 600 626 638 646 655 708 726 737 738 747 773 788 813 819 842 998 1015 1035 1067 1071 1116 1175 1189 1200 1220 1228 1243 1305 1317 1351 1355 1376 1414 1501 1574 1576 1599 1612 1657 1731 1754 1796 1826 1831 1839 1846 1850 1854 1861 1869 1880 1884 1885 1890 1891 2002 2064 2086 2105 2135 2198 2233 2235 2237 2247 2284 2303 2309 2318 2324 2332 2341 2346 2376 2381 2399 2421 2440 2464 2469 2531 2537 2543 2562 2568 2583 2677 2687 2697 2723 2736 2802 2856 2859 2861 2875 2877 2928 2931 2985 2995 3032 3086 3095 3122 3141 3145 3147 3175 3192 3251 3278 3314 3334 3461 3480 3535 3541 3580 3595 3597 3636 3644 3685 3692 3725 3743 3755 3756 3807 3812 3820 3864 3885 3890 3891 3951 3953 3996 3999 4016 4022 4024 4037 4041 4051 4057 4070 4073 4085 4133 4147 4151 4190 4192 4200 4250 4260 4341 4352 4380 4387 4396 4411 4441 4486 4595 4598 4717 4749 4764 4791 4825 4855 4883 4914 4928 4977 4990 5014 5017 5024 5029 5030 5054 5070 5085 5096 5154 5158 5211 5223 5236 5260 5320 5363 5392 5393 5407 5428 5447 5460 5483 5513 5534 5539 5590 5608 5660 5692 5718 5719 5726 5728 5729 5731 5743 5755 5756 5761 5774 5775 5778 5781 5787 5788 5800 5803 5807 5809 5810 5815 5816 5822 5837 5841 5842 5843 5847 5851 5852 5853 5863 5869 5875 5876 5877 5878 5879 5880 5893 5894 5899 5908 5909 5913 5914 5917 5928 5933 5934 5940 5949 5950 5951 5952 5958 5969 5977 5985 5986 6002 6021 6036 6037 6038 6039 7481 7505 7546 7555 7596 7605 7614 7658 7673 7689 7708 7743 7752 7753 7754 7813 7824 7825 7826 7827 7877 7906 7933 8004 8042 10427 10467 10477 10515 10540 10561 10627 10723 10988 11007 11027 11041 11051 11052 11075 11088 11096 11107 11151 11161 11162 11193 11194 11209 11210 11224 11225 11226 11250 11251 11252 11258 11259 11260 11284 11286 11294 11295 11307 11318 11319 11331 11341 11348 11349 11350 11351 11360 11389 11390 11402 11403 11404 11405 11427 11431 11446 11475 11476 11490 11509 11527 11560 11569 11593 11598 11599 11607 11628 11630 11665 11675 11676 11677 11686 11687 11701 11710 11711 11748 11755 11771 11784 11791 11829 11830 11842 11843 11844 11854 11870 11879 11880 11905 11908 11912 11913 11914 11915 11931 11941 11949 11959 11975 11976 11990 12032 12052 12061 12072 12086 12090 12099 12103 12107 12124 12130 12147 12148 12154 12155 12161 12163 12164 12165 12173 12175 12195 12205 12214 12215 12220 12228 12233 12236 12245 12252 12264 12265 12276 12277 12281 12289 12295 12296 12297 12306 12307 12315 12329 12336 12337 12341 12349 12356 12357 12358 12361 12368 12380 12381 12394 12406 12407 12408 12415 12423 12431 12441 12460 12470 12488 12489 12499 12559 12561 12584 13373 13393 13402 13408 13423 13424 13448 13452 13457 13458 13472 13480 13481 13488 13489 13490 13505 13506 13511 13514 13515 13520 13541 13542 13543 13545 13569 13572 13573 13580 13585 13589 13594 13596 13602 13603 13609 13616 13617 13626 13633 13644 13645 13646 14304 14306 14322 14323 14334 14343 14359 14360 14373 14405 14416 14422 14423 14440 14448 14457 14461 14468 14473 14487 14488 14499 14507 14508 14522 14523 14534 14549 14573 14574 14585 14598 14606 14607 14619 14625 14631 14639 14647 14648 14666 14670 14671 14693 14696 14705 14706 14720 14725 14735 14736 14761 14762 14777 14799 14804 14807 14814 14818 14831 14854 14855 14871 14883 14885 14893 14908 15026 15034 15054 15066 15074 15095 15101 15120 15843 15850 15852 
	}
	weather={
		period={
			between={ 0.0 30.0 }
			temperature={ 12.0 30.0 }
			temperature_day_night={ -2.0 2.0 }
			no_phenomenon=0.500
			rain_light=0.250
			rain_heavy=0.100
			snow=0.000
			blizzard=0.000
			arctic_water=0.000
			mud=1.000
			sandstorm=0.000
			min_snow_level=0.000
		}
		period={
			between={ 0.1 27.1 }
			temperature={ 12.0 30.0 }
			temperature_day_night={ -2.0 2.0 }
			no_phenomenon=0.500
			rain_light=0.250
			rain_heavy=0.100
			snow=0.000
			blizzard=0.000
			arctic_water=0.000
			mud=1.000
			sandstorm=0.000
			min_snow_level=0.000
		}
		period={
			between={ 0.2 30.2 }
			temperature={ 12.0 30.0 }
			temperature_day_night={ -2.0 2.0 }
			no_phenomenon=0.500
			rain_light=0.250
			rain_heavy=0.100
			snow=0.000
			blizzard=0.000
			arctic_water=0.000
			mud=1.000
			sandstorm=0.000
			min_snow_level=0.000
		}
		period={
			between={ 0.3 29.3 }
			temperature={ 12.0 30.0 }
			temperature_day_night={ -2.0 2.0 }
			no_phenomenon=0.500
			rain_light=0.250
			rain_heavy=0.100
			snow=0.000
			blizzard=0.000
			arctic_water=0.000
			mud=1.000
			sandstorm=0.000
			min_snow_level=0.000
		}
		period={
			between={ 0.4 30.4 }
			temperature={ 12.0 30.0 }
			temperature_day_night={ -2.0 2.0 }
			no_phenomenon=0.500
			rain_light=0.250
			rain_heavy=0.100
			snow=0.000
			blizzard=0.000
			arctic_water=0.000
			mud=1.000
			sandstorm=0.000
			min_snow_level=0.000
		}
		period={
			between={ 0.5 29.5 }
			temperature={ 12.0 30.0 }
			temperature_day_night={ -2.0 2.0 }
			no_phenomenon=0.500
			rain_light=0.250
			rain_heavy=0.100
			snow=0.000
			blizzard=0.000
			arctic_water=0.000
			mud=1.000
			sandstorm=0.000
			min_snow_level=0.000
		}
		period={
			between={ 0.6 30.6 }
			temperature={ 12.0 30.0 }
			temperature_day_night={ -2.0 2.0 }
			no_phenomenon=0.500
			rain_light=0.250
			rain_heavy=0.100
			snow=0.000
			blizzard=0.000
			arctic_water=0.000
			mud=1.000
			sandstorm=0.000
			min_snow_level=0.000
		}
		period={
			between={ 0.7 30.7 }
			temperature={ 12.0 30.0 }
			temperature_day_night={ -2.0 2.0 }
			no_phenomenon=0.500
			rain_light=0.250
			rain_heavy=0.100
			snow=0.000
			blizzard=0.000
			arctic_water=0.000
			mud=1.000
			sandstorm=0.000
			min_snow_level=0.000
		}
		period={
			between={ 0.8 29.8 }
			temperature={ 12.0 30.0 }
			temperature_day_night={ -2.0 2.0 }
			no_phenomenon=0.500
			rain_light=0.250
			rain_heavy=0.100
			snow=0.000
			blizzard=0.000
			arctic_water=0.000
			mud=1.000
			sandstorm=0.000
			min_snow_level=0.000
		}
		period={
			between={ 0.9 30.9 }
			temperature={ 12.0 30.0 }
			temperature_day_night={ -2.0 2.0 }
			no_phenomenon=0.500
			rain_light=0.250
			rain_heavy=0.100
			snow=0.000
			blizzard=0.000
			arctic_water=0.000
			mud=1.000
			sandstorm=0.000
			min_snow_level=0.000
		}
		period={
			between={ 0.10 29.10 }
			temperature={ 12.0 30.0 }
			temperature_day_night={ -2.0 2.0 }
			no_phenomenon=0.500
			rain_light=0.250
			rain_heavy=0.100
			snow=0.000
			blizzard=0.000
			arctic_water=0.000
			mud=1.000
			sandstorm=0.000
			min_snow_level=0.000
		}
		period={
			between={ 0.11 30.11 }
			temperature={ 12.0 30.0 }
			temperature_day_night={ -2.0 2.0 }
			no_phenomenon=0.500
			rain_light=0.250
			rain_heavy=0.100
			snow=0.000
			blizzard=0.000
			arctic_water=0.000
			mud=1.000
			sandstorm=0.000
			min_snow_level=0.000
		}
	}
}
