
strategic_region={
	id=100
	name="STRATEGICREGION_100"
	provinces={
		72 238 574 868 1024 1280 1377 1874 1921 1970 2038 2048 2132 2419 2851 2920 3002 3217 3231 3467 3675 3862 3886 3907 4153 4299 4349 4409 4449 4809 4935 5334 9146 9217 9240 9298 9299 9350 9384 9399 9400 9463 9464 9495 9509 9521 9544 9545 9581 9596 9597 9598 9606 9607 9644 9661 9675 9683 9684 9706 9750 9758 9759 9760 9761 9771 9827 9828 9829 9830 9837 9898 9899 9913 9927 9928 9948 9949 9959 9992 10003 10004 10069 10087 10096 
	}
	weather={
	}
}
