
strategic_region={
	id=153
	name="STRATEGICREGION_153"
	provinces={
		71 121 308 556 690 691 702 1034 1121 1206 1224 1436 1458 1851 1935 1952 2217 2458 2769 3131 3151 3289 3341 3372 3413 4032 4273 4481 4519 4848 4875 4939 4958 5033 5145 5176 5227 5653 10833 10899 10916 10968 10997 11015 11037 11047 11048 11063 11074 11084 11085 11094 11116 11117 11128 11129 11137 11148 11149 11189 11208 11219 11220 11221 11237 11245 11246 11267 11281 11282 11290 11291 11303 11316 11329 11330 11339 11346 11376 11400 11435 11436 11437 11444 11458 11459 11472 11496 11507 11513 11514 11516 11517 11523 11545 11546 11547 11565 11590 11595 11596 11626 11653 11662 11672 11673 11674 11694 11726 11736 11746 11811 11822 11823 11904 11956 
	}
	weather={
	}
}
