
strategic_region={
	id=154
	name="STRATEGICREGION_154"
	provinces={
		149 339 580 632 1075 1095 1395 1625 2097 2299 2389 2492 2567 2761 2768 2901 2919 3020 3159 3468 3560 3604 3761 3858 4268 4350 4585 4744 5110 5312 5545 5661 5682 11328 11355 11429 11430 11443 11484 11495 11505 11576 11577 11589 11643 11652 11661 11670 11671 11725 11745 11765 11781 11810 11897 11955 11969 11970 12000 12008 12042 12050 12084 12112 12139 12153 12192 12200 12201 12219 12250 12275 12304 12335 12340 12354 12355 12378 12403 12404 12430 12446 12468 12469 12486 12498 
	}
	weather={
	}
}
