
strategic_region={
	id=155
	name="STRATEGICREGION_155"
	provinces={
		64 86 630 659 861 1100 1102 1141 1182 1389 1664 1726 1780 1822 2261 2370 2374 2408 2735 2911 3013 3047 3104 3405 3429 3818 3895 3936 3981 4071 4211 4240 4244 4251 4515 4562 4878 5230 5354 5374 5478 5493 5528 5633 11093 11105 11127 11146 11170 11184 11205 11206 11218 11266 11279 11289 11302 11315 11326 11327 11344 11375 11386 11399 11414 11428 11457 11470 11471 11483 11544 11556 11557 11587 11588 11612 11613 11669 11708 11744 11752 11753 11780 11828 11838 11839 11868 11926 11938 11954 11986 11987 11988 11999 12007 12017 12028 12059 12071 12083 12138 12146 12152 12160 12168 12191 12218 12273 12274 12288 12303 12314 12392 
	}
	weather={
	}
}
