
strategic_region={
	id=156
	name="STRATEGICREGION_156"
	provinces={
		6 36 51 200 249 415 464 684 1021 1140 1288 1406 1571 1626 1673 1967 2071 2081 2117 2310 2383 2484 2582 2728 2849 2900 3126 3182 3534 3738 3740 3759 3884 3912 3947 4059 4068 4162 4191 4377 4389 4422 4506 4522 4559 4573 4822 4833 4901 4978 5043 5458 5557 5597 5687 10215 10240 10248 10262 10263 10264 10289 10322 10323 10335 10336 10348 10363 10381 10390 10399 10422 10436 10444 10445 10464 10481 10482 10527 10547 10548 10556 10585 10598 10599 10600 10609 10610 10635 10649 10650 10661 10662 10688 10698 10699 10700 10701 10712 10719 10720 10727 10735 10736 10747 10777 10778 10789 10790 10802 10803 10814 10815 10822 10844 10854 10855 10856 10857 10858 10871 10877 10897 10898 10912 10913 10931 10932 10940 10952 10963 10979 10980 10981 10993 10994 11014 11023 11036 11046 11061 11062 11082 11083 11114 11115 11136 11147 11185 11207 11236 11257 11280 11345 
	}
	weather={
	}
}
