
strategic_region={
	id=157
	name="STRATEGICREGION_157"
	provinces={
		859 937 970 1357 1361 1708 1746 1749 1766 1917 2216 2347 3087 3117 3119 3198 3356 3362 3435 4388 4470 4494 4628 4776 4812 4897 4907 4981 5032 5486 5599 9192 9267 9274 9356 9439 9459 9523 9524 9574 9585 9650 9651 9668 9712 9725 9737 9746 9755 9797 9807 9808 9824 9841 9850 9858 9859 9870 9903 9904 9905 9919 9931 9932 9946 9955 9956 9957 9986 10009 10025 10048 10049 10058 10059 10076 10093 10103 10104 10110 10122 10134 10135 10136 10156 10157 10158 10174 10193 10194 10205 10213 10214 10227 10228 10234 10288 10333 10334 10398 15842 
	}
	weather={
	}
}
