
strategic_region={
	id=159
	name="STRATEGICREGION_159"
	provinces={
		150 188 325 365 621 899 953 1042 1110 1342 1460 1613 1765 1770 1929 1994 2160 2225 2283 2395 2612 2703 2897 3161 3272 3298 3515 3542 3583 3616 3696 4354 4393 4464 4597 4631 4727 4922 5127 5204 5212 5245 5668 8319 8379 8394 8433 8471 8497 8528 8561 8562 8595 8606 8622 8665 8666 8706 8707 8708 8731 8732 8733 8746 8755 8773 8774 8801 8808 8809 8815 8816 8835 8849 8850 8861 8875 8884 8893 8903 8918 8933 8934 8944 8954 8967 8968 8969 8979 8980 9010 9020 9039 9049 9054 9091 9099 9100 9115 9116 9117 9126 9127 9157 9168 9175 9182 9193 9194 9224 9253 9268 9275 9276 9291 9308 9373 
	}
	weather={
	}
}
