
strategic_region={
	id=160
	name="STRATEGICREGION_160"
	provinces={
		50 226 298 348 422 498 533 573 871 878 1045 1086 1111 1579 1640 1922 1986 2005 2123 2161 2563 2577 2585 3067 3183 3261 3406 3995 4293 4391 4460 4547 4692 4698 4726 4793 4832 4987 5015 5038 5063 5164 5188 8109 8139 8160 8241 8242 8250 8320 8321 8332 8333 8404 8452 8472 8485 8486 8529 8530 8531 8596 8631 8667 8685 8709 8747 8775 8776 8826 8827 8851 8862 8904 8905 8906 8981 8982 8996 9040 9041 9092 9128 9141 9158 9169 9176 9206 9225 9235 9236 9254 9277 9322 9323 9324 9334 9335 9348 9380 9420 9421 9426 9460 9461 9502 9538 9539 9564 9593 9625 9639 9669 9692 9726 9812 
	}
	weather={
	}
}
