
strategic_region={
	id=161
	name="STRATEGICREGION_161"
	provinces={
		287 417 614 628 1212 1773 2197 2221 2328 2437 2505 2686 2791 2853 3191 3441 3562 3643 4184 4314 4405 4584 4645 4923 5021 5435 5683 5700 10105 10111 10195 10196 10206 10235 10265 10300 10349 10382 10383 10384 10423 10446 10454 10502 10517 10528 10537 10538 10572 10586 10587 10611 10620 10621 10643 10663 10664 10679 10680 10702 10728 10737 10748 10768 10779 10798 10804 10805 10832 10845 10846 10885 10914 10915 10933 10934 10966 10967 10982 10995 10996 
	}
	weather={
	}
}
