
strategic_region={
	id=162
	name="STRATEGICREGION_162"
	provinces={
		98 145 224 227 256 293 382 396 505 524 576 694 944 996 1001 1016 1027 1194 1308 1365 1604 1634 1676 1930 2294 2425 2486 2548 2632 2660 2734 2781 2864 2865 2979 2982 3109 3134 3138 3286 3352 3402 3505 3664 3799 3841 4107 4142 4246 4298 4329 4370 4395 4414 4463 4508 4581 4702 4703 4742 4746 4790 4860 4877 5010 5051 5098 5128 5179 5248 5419 5508 5607 5675 5701 8955 9028 9142 9195 9255 9269 9278 9279 9309 9325 9336 9337 9349 9357 9358 9391 9392 9393 9409 9422 9423 9432 9433 9472 9479 9480 9490 9491 9492 9503 9504 9505 9519 9525 9553 9554 9555 9576 9577 9587 9588 9589 9601 9615 9626 9627 9652 9659 9670 9680 9702 9727 9728 9729 9738 9739 9740 9741 9748 9768 9775 9776 9777 9784 9798 9799 9800 9813 9814 9835 9860 9861 9862 9872 9879 9880 9896 9907 9908 9921 9922 9933 9964 9965 9971 9972 9980 10010 10011 10027 10034 10035 10039 10060 10078 10106 10112 10123 10124 10146 10159 10197 10198 10216 10249 10266 10267 10282 10290 10301 10324 10325 10364 10365 10366 10367 10391 10392 10408 10437 10483 10503 10518 10557 
	}
	weather={
	}
}
