
strategic_region={
	id=163
	name="STRATEGICREGION_163"
	provinces={
		48 512 675 987 1028 1210 1336 1747 1800 1931 2075 2179 2357 2418 2586 2669 2817 2876 3006 3089 3209 3528 3816 3847 3980 4253 4402 4534 4622 4644 4696 4739 4840 5107 5114 5136 5173 5201 5300 5448 5624 7970 8025 8047 8060 8080 8094 8103 8140 8141 8175 8176 8181 8215 8227 8228 8251 8271 8322 8334 8344 8359 8371 8405 8406 8407 8408 8423 8434 8462 8487 8488 8489 8498 8532 8533 8548 8563 8579 8580 8581 8582 8597 8607 8623 8624 8625 8626 8644 8668 8669 8686 8687 8724 8734 8748 8766 8777 8778 8817 8818 8828 8876 8885 8907 8919 8945 8986 8997 9021 9026 9027 9080 9101 
	}
	weather={
	}
}
