
strategic_region={
	id=165
	name="STRATEGICREGION_165"
	provinces={
		28 53 58 146 164 212 323 519 557 663 713 739 797 850 855 924 993 1114 1346 1362 1750 1863 1947 2014 2020 2073 2168 2354 2363 2639 2642 2662 2679 2712 2774 3219 3484 3520 3683 3714 3794 3856 3863 3878 3928 4030 4163 4166 4294 4505 4569 4889 5007 5149 5157 5202 5305 5417 5424 5475 5490 5563 10184 10241 10302 10438 10455 10456 10473 10513 10549 10568 10573 10574 10575 10622 10623 10636 10665 10666 10681 10713 10714 10721 10749 10750 10751 10759 10791 10792 10816 10834 10847 10859 10878 10900 10901 10902 10903 10923 10924 10941 10953 10954 10969 10983 10984 10985 10998 11024 11038 11039 11049 11050 11086 11095 11118 11130 11138 11159 11171 11172 11190 11222 11247 11292 11304 11305 11317 11377 11387 11388 11415 11438 11445 11473 11485 11486 11497 11508 11533 11567 11578 11591 11615 11645 11646 11655 11663 11696 11697 11698 11739 11754 11766 11767 11768 11769 11782 11790 11840 11841 11910 11911 11928 11929 11940 11958 11971 11989 12001 12009 12018 12031 12043 12044 12051 12105 12106 12122 12181 12203 
	}
	weather={
	}
}
