
strategic_region={
	id=166
	name="STRATEGICREGION_166"
	provinces={
		165 209 233 266 455 608 784 816 896 931 1008 1171 1190 1191 1379 1410 1670 1793 1795 1872 2692 2764 3083 3199 3293 3479 3485 3757 3933 3954 4109 4207 4249 4324 4768 4872 4874 4942 5206 5341 5394 5408 5569 5634 5671 10514 10529 10569 10588 10612 10624 10651 10652 10667 10689 10690 10715 10729 10730 10760 10769 10793 10799 10806 10823 10835 10836 10848 10860 10861 10879 10880 10886 10917 10918 10919 10925 10955 10956 10970 10986 10999 11000 11025 11026 11040 11087 11106 11139 11150 11160 11173 11174 11191 11192 11223 11248 11249 11268 11269 11283 11293 11306 11340 11347 11356 11378 11401 11423 11424 11425 11460 11461 11462 11463 11487 11488 11524 11525 11548 11568 11579 11606 11627 11709 11747 11783 11878 
	}
	weather={
	}
}
