
strategic_region={
	id=167
	name="STRATEGICREGION_167"
	provinces={
		129 283 472 514 681 697 890 1166 1174 1383 1533 2263 2268 2282 2301 2335 2337 2416 2439 2474 2663 2722 2806 3011 3133 3318 3329 3948 4297 4331 4424 4565 4605 4613 4753 4924 5023 5372 5375 5402 5585 5643 5654 9778 9787 9852 9863 9864 9923 9934 9935 9936 9947 9958 9966 9973 9981 9987 9988 9998 10012 10013 10028 10061 10062 10063 10079 10080 10107 10113 10114 10125 10126 10147 10148 10160 10176 10185 10199 10217 10250 10254 10255 10291 10303 10304 10316 10317 10368 10385 10400 10401 10402 10409 10410 10424 10425 10465 10474 10475 10504 10505 10550 10558 10559 10644 10738 
	}
	weather={
	}
}
