
strategic_region={
	id=168
	name="STRATEGICREGION_168"
	provinces={
		7 336 834 908 1014 1088 1491 1513 1892 1924 1983 2304 2311 2401 2436 2808 2857 3052 3121 3490 3531 4183 4323 4332 4355 4438 4553 4911 5012 5069 5222 5595 5659 9881 9897 9924 9967 9989 10020 10050 10051 10081 10082 10094 10108 10149 10161 10177 10186 10200 10218 10229 10251 10273 10274 10283 10305 10318 10326 10337 10350 10351 10357 10386 10411 10412 10413 10426 10484 10485 10486 10487 10488 10519 10560 10625 10626 10691 10703 10704 10716 10731 10761 10770 10780 10781 10862 10987 
	}
	weather={
	}
}
