
strategic_region={
	id=169
	name="STRATEGICREGION_169"
	provinces={
		75 85 133 185 412 623 801 894 1002 1295 1335 1504 1680 1778 1825 1857 1873 2353 2649 2654 2780 2794 3187 3279 3378 3747 3772 3839 3952 4063 4194 4367 4536 4537 4580 4646 4836 5090 5151 5400 8782 8793 8854 8863 8921 8936 8956 8983 8999 9022 9050 9056 9067 9068 9121 9129 9130 9144 9185 9197 9198 9199 9210 9211 9226 9257 9258 9282 9283 9294 9310 9360 9361 9362 9376 9394 9410 9428 9434 9473 9482 9483 9493 9508 9528 9557 9566 9579 9580 9595 9603 9618 9628 9640 9653 9654 9672 9673 9674 9694 9704 9715 9730 9731 9757 9789 9790 9825 9836 9842 9843 9909 9910 9925 9968 10029 10115 
	}
	weather={
	}
}
