
strategic_region={
	id=170
	name="STRATEGICREGION_170"
	provinces={
		68 247 346 403 427 591 692 780 863 864 897 1183 1314 1553 1573 1608 1622 1903 1982 2136 3244 3340 3610 3836 4023 4172 4302 4362 4399 4437 4440 4557 4582 4709 4775 4909 4913 4919 4976 5291 5322 5580 8273 8354 8381 8382 8410 8411 8425 8447 8453 8464 8465 8491 8499 8551 8583 8633 8655 8678 8736 8737 8757 8820 8838 8909 8910 8920 8947 8970 8988 8998 9030 9055 9066 9102 9118 9119 9120 9143 9178 9196 9208 9209 9238 9256 9280 9281 9293 9328 9375 9382 9383 9427 9450 9462 9481 9507 9527 9540 9541 9565 9602 9616 9617 9693 9703 9756 9788 
	}
	weather={
	}
}
