
strategic_region={
	id=171
	name="STRATEGICREGION_171"
	provinces={
		49 413 446 598 661 764 787 865 1078 1416 1724 1788 1833 1834 1996 2044 2212 2350 2379 2754 3169 3365 3516 3530 3745 4058 4209 4447 4672 5152 5321 5353 5438 5533 5637 5665 8395 8435 8463 8490 8549 8550 8564 8632 8645 8654 8688 8695 8710 8711 8735 8749 8756 8779 8780 8792 8810 8819 8836 8837 8852 8886 8894 8895 8908 8935 8946 8987 9011 9029 9065 9108 9109 9110 9111 9159 9177 9183 9184 9207 9237 9249 9292 9326 9327 9359 9381 9442 9443 9506 9526 9556 9578 9594 9671 9681 9714 9749 9769 9785 9786 
	}
	weather={
	}
}
