
strategic_region={
	id=172
	name="STRATEGICREGION_172"
	provinces={
		29 182 215 257 277 337 366 668 724 791 835 887 923 942 1036 1056 1233 1238 1303 1398 1431 1437 1476 1518 1540 1565 1566 1567 1655 1675 1832 1855 1913 1923 2202 2454 2475 2504 2510 2513 2515 2560 2624 2684 2706 2824 2940 2998 3015 3044 3082 3172 3322 3415 3431 3713 3749 3751 3776 3788 3894 4165 4262 4267 4288 4608 4734 4953 5049 5213 5274 5308 5337 5469 5519 5652 5684 6982 7014 7026 7048 7055 7083 7110 7120 7121 7161 7186 7232 7273 7298 7324 7345 7346 7356 7385 7400 7401 7450 7456 7457 7467 7506 7518 7519 7520 7521 7529 7541 7554 7562 7568 7578 7602 7610 7611 7654 7678 7679 7680 7703 7704 7736 7747 7760 7761 7806 7818 7833 7854 7874 7884 7885 7886 7895 7896 7897 7914 7924 7940 7941 7942 7953 7995 7996 8009 8010 8017 8018 8048 8061 8062 8067 8068 8142 8143 8152 8153 8154 8162 8191 8202 8216 8229 8230 8231 8232 8243 8244 8264 8272 8293 8308 8372 8380 8409 8424 
	}
	weather={
	}
}
