
strategic_region={
	id=173
	name="STRATEGICREGION_173"
	provinces={
		229 304 329 437 522 644 652 666 733 1060 1122 1149 1185 1231 1310 1347 1510 1682 1951 2007 2047 2270 2298 2698 2720 2757 2760 2939 2989 3090 3208 3373 3442 3614 3649 3796 3931 3985 4154 4216 4263 4344 4432 4491 4495 4635 4679 4868 4933 4963 4980 4983 5452 5470 5621 5647 6354 6361 6387 6415 6422 6430 6464 6473 6484 6485 6513 6524 6525 6532 6542 6556 6572 6579 6611 6615 6623 6629 6633 6679 6680 6687 6692 6703 6714 6729 6730 6737 6747 6756 6767 6775 6792 6804 6814 6815 6826 6838 6839 6840 6841 6850 6872 6873 6885 6890 6898 6899 6910 6911 6912 6929 6950 6951 6952 6953 6965 6972 6973 6981 6994 7003 7004 7025 7038 7039 7046 7047 7054 7063 7064 7075 7076 7093 7094 7108 7109 7119 7129 7130 7131 7143 7159 7160 7179 7197 7206 7207 7225 7231 7244 7272 7279 7289 7297 7323 7335 7343 7344 7372 7377 7378 7399 7411 7416 7436 7455 7486 7487 7502 7517 7548 7553 7589 7653 7663 7735 15422 
	}
	weather={
	}
}
