
strategic_region={
	id=175
	name="STRATEGICREGION_175"
	provinces={
		116 318 444 844 1161 1251 1835 1972 2368 2485 2862 2898 2942 3224 3290 3337 3359 3572 3659 3785 3959 3976 4181 4318 4456 4478 4591 4616 4691 4821 4858 5018 5108 5165 5174 5197 5231 5377 5383 7530 7542 7543 7569 7590 7591 7625 7640 7664 7665 7666 7681 7682 7693 7694 7705 7720 7726 7737 7738 7762 7771 7776 7787 7800 7807 7819 7820 7846 7863 7864 7898 7899 7910 7915 7932 7943 7944 7977 7978 7979 7989 7997 7998 8034 8035 8049 8063 8069 8081 8095 8110 8111 8127 8128 8163 8177 8182 8245 8252 8253 8274 8335 8360 8373 8396 8436 8466 8467 8473 8510 8540 8552 8598 8599 8600 8634 8670 8696 8712 8750 8758 8781 8829 8853 
	}
	weather={
	}
}
