
strategic_region={
	id=176
	name="STRATEGICREGION_176"
	provinces={
		10 114 488 568 617 703 882 911 995 1046 1470 1496 1937 2082 2101 2430 2494 2569 2872 2937 3944 3956 4117 4247 4264 4870 5044 5327 5672 6528 6545 6582 6591 6601 6636 6649 6650 6662 6694 6718 6722 6786 6787 6788 6798 6818 6819 6852 6858 6887 6914 6931 6940 6941 6967 6983 7028 7049 7095 7112 7122 7132 7146 7153 7198 7209 7210 7218 7233 7245 7265 7266 7291 7299 7300 7310 7311 7325 7348 7380 7381 7386 7403 7417 7544 7603 7612 
	}
	weather={
	}
}
