
strategic_region={
	id=179
	name="STRATEGICREGION_179"
	provinces={
		83 230 285 301 316 338 445 546 637 826 881 1169 1204 1282 1447 1495 1590 1639 1821 1932 2087 2104 2184 2194 2289 2291 2554 2621 2643 2710 2904 2938 2996 3158 3218 3347 3677 3697 3727 3897 4050 4083 4114 4199 4322 4361 4439 4551 4620 5087 5163 5172 5256 5333 5395 5693 5709 5712 5722 5723 5730 5734 5745 5747 5752 5753 5768 5769 5776 5782 5783 5784 5785 5804 5805 5819 5824 5825 5834 5835 5838 5844 5857 5859 5860 5864 5865 5871 5872 5882 5886 5887 5895 5896 5902 5903 5910 5911 5916 5925 5930 5931 5936 5942 5943 5944 5945 5946 5964 5965 5972 5973 5975 5979 5989 5990 5997 6009 6010 6014 6017 6025 6026 6031 6040 6047 6055 6061 6068 6069 6076 6082 6088 6098 6106 6107 6109 6114 6115 6148 6154 6155 6186 6197 6198 6204 6208 6209 6234 6246 6247 6256 6264 6265 6289 6301 6307 6317 6357 6362 6409 6432 6449 
	}
	weather={
	}
}
