
strategic_region={
	id=181
	name="STRATEGICREGION_181"
	provinces={
		63 380 397 679 907 975 983 1026 1142 1153 1199 1659 1691 1697 1909 1993 2215 2403 2966 2990 3016 3170 3184 3250 3259 3313 3512 3551 3612 3639 3680 3702 4125 4358 4404 4466 4552 4906 4967 5269 5812 5826 5839 5845 5866 5883 5888 5897 5918 5922 5937 5947 5960 5966 5976 5980 5981 5998 6005 6006 6018 6019 6027 6032 6041 6048 6056 6062 6077 6089 6090 6099 6116 6117 6118 6129 6134 6140 6141 6149 6169 6170 6177 6187 6193 6210 6211 6218 6219 6226 6227 6231 6235 6236 6245 6257 6258 6259 6266 6267 6284 6290 6295 6308 6309 6310 6318 6322 6332 6345 6351 6358 6363 6364 6365 6375 6376 6405 6406 6407 6410 6433 6434 6435 6450 6466 6474 6486 6546 6558 6592 6613 6617 
	}
	weather={
	}
}
