
strategic_region={
	id=182
	name="STRATEGICREGION_182"
	provinces={
		331 351 572 599 682 1009 1134 1147 1229 1337 1478 1602 1706 1999 2317 2349 2362 2426 2784 2923 3036 3210 3294 3471 3742 3768 3960 4784 5233 5243 7374 7406 7437 7442 7452 7469 7470 7522 7531 7532 7563 7570 7571 7592 7604 7632 7641 7667 7668 7669 7683 7721 7722 7727 7728 7748 7749 7764 7765 7777 7788 7808 7821 7836 7837 7875 7900 7901 7916 7955 7960 7961 7971 7981 7982 7990 8001 8027 8037 8038 8051 8052 8064 8072 8073 8104 8114 8129 8130 8144 8155 8156 8157 8183 8192 8217 
	}
	weather={
	}
}
