
strategic_region={
	id=185
	name="STRATEGICREGION_185"
	provinces={
		140 187 236 310 454 504 539 629 689 845 893 901 968 999 1059 1367 1502 1557 1570 1723 1886 1974 2114 2140 2269 2312 2329 2807 2813 2818 2973 3114 3319 3387 3486 3576 3624 3723 3786 4065 4097 4265 4408 4420 4443 4500 4556 4589 4618 4869 4988 5011 5076 5084 5134 5156 5196 5228 5262 5265 5268 5288 5556 5614 7740 7789 7810 7848 7865 7889 7902 7911 7983 7984 8002 8028 8040 8074 8096 8097 8105 8115 8131 8132 8133 8134 8178 8184 8193 8206 8207 8218 8235 8236 8255 8266 8275 8276 8277 8284 8285 8295 8296 8310 8324 8356 8362 8384 8385 8386 8387 8388 8412 8413 8454 8468 8476 8477 8478 8493 8512 8519 8534 8542 8543 8544 8554 8555 8567 8568 8601 8608 8627 8637 8647 8648 8672 8680 8698 8714 8715 8742 8743 8785 8786 8794 8803 8821 8857 8877 8888 8889 8924 8938 8958 8971 9000 9024 9057 9058 9094 9134 9135 9171 9214 9215 9216 9229 9261 9262 9312 9313 9365 9397 9398 9435 9452 9568 9643 9660 
	}
	weather={
	}
}
