
strategic_region={
	id=188
	name="STRATEGICREGION_188"
	provinces={
		39 91 94 104 134 194 319 341 376 479 559 566 639 716 754 840 875 964 1109 1160 1164 1225 1230 1265 1323 1329 1358 1364 1384 1391 1394 1407 1433 1443 1480 1606 1615 1808 1812 1934 1991 2096 2098 2182 2220 2231 2313 2487 2534 2541 2545 2581 2592 2606 2690 2707 2719 2786 2789 2795 2812 2848 2894 2910 2961 3034 3128 3376 3393 3447 3506 3656 3660 3686 3804 3828 3869 3883 4047 4093 4101 4103 4381 4382 4426 4450 4473 4560 4586 4634 4694 4810 4813 4829 4846 5064 5101 5270 5381 5467 5473 5542 5598 5625 5644 7973 8041 8055 8075 8085 8086 8087 8098 8116 8135 8145 8146 8167 8168 8169 8185 8194 8195 8219 8237 8238 8267 8268 8278 8297 8311 8312 8325 8337 8346 8363 8375 8389 8398 8428 8437 8448 8455 8456 8457 8513 8535 8536 8537 8545 8546 8569 8570 8571 8588 8589 8590 8617 8618 8619 8628 8629 8638 8639 8640 8657 8673 8690 8699 8700 8701 8702 8703 8716 8717 8718 8760 8761 8768 8769 8787 8795 8804 8830 8831 8842 8843 8858 8859 8865 8878 8879 8890 8897 8925 8926 8927 8939 8940 8949 8959 8960 8972 8973 9001 9002 9012 9033 9034 9042 9043 9044 9059 9081 9082 9083 9105 9106 9112 9122 9123 9136 9147 9148 9179 9180 9201 9218 9241 9242 9251 9252 9263 9270 9271 9300 9301 9329 9339 9340 9341 9351 9377 9401 9402 9403 9404 9429 9430 9436 9453 9454 9465 9466 9496 9510 9511 9546 9547 9559 9560 9569 9582 9590 9608 9619 9631 9632 9633 9645 9646 9662 9663 9676 9685 9707 9708 9718 9719 9733 9743 9792 9815 9816 9831 
	}
	weather={
	}
}
