
strategic_region={
	id=192
	name="STRATEGICREGION_192"
	provinces={
		379 903 918 1055 1080 1081 1187 1198 1205 1320 1349 1483 1957 2090 2107 2205 2344 2367 2433 2619 2670 2746 2913 3092 3202 3328 3529 3695 3795 3867 4175 4280 4365 4483 4655 5027 5028 5119 5234 5319 5413 5464 5596 5702 8641 8719 8726 8798 8805 8813 8822 8823 8860 8892 8900 8914 8928 8929 8962 8992 9004 9005 9006 9007 9015 9036 9061 9074 9075 9086 9087 9095 9107 9137 9138 9151 9152 9153 9162 9163 9189 9202 9203 9231 9232 9233 9246 9265 9272 9302 9318 9319 9332 9343 9355 9367 9386 9406 9414 9415 9416 9425 9437 9446 9455 9469 9476 9499 9500 9515 9533 9584 9620 
	}
	weather={
	}
}
