
strategic_region={
	id=193
	name="STRATEGICREGION_193"
	provinces={
		65 1022 1091 1094 1172 1339 1446 1562 1703 1755 1879 1881 2056 2164 2186 2230 2245 2468 2550 2613 2725 2749 2767 2778 3242 3327 3430 3517 3663 3823 3955 4056 4122 4425 4480 4487 4497 4607 4651 4653 4796 4862 4949 5041 5057 5244 5442 5512 5537 5570 7878 7879 7946 7985 8011 8020 8021 8065 8076 8088 8089 8090 8099 8100 8107 8147 8170 8171 8179 8186 8208 8248 8257 8279 8287 8288 8299 8316 8327 8328 8339 8347 8348 8349 8365 8366 8376 8377 8392 8401 8415 8439 8440 8441 8449 8458 8481 8502 8521 8522 8523 8556 8557 8574 8610 8611 8612 8649 8660 8661 8691 8692 8725 8762 8796 8797 8845 8846 8868 8869 8870 8880 8913 8941 8961 8975 9073 15841 
	}
	weather={
	}
}
