
strategic_region={
	id=195
	name="STRATEGICREGION_195"
	provinces={
		126 245 322 473 626 638 973 1004 1043 1113 1209 1261 1386 1712 1777 1796 1797 1817 1827 2074 2135 2173 2191 2237 2440 2539 2697 2736 2802 2856 2880 2994 3054 3122 3132 3137 3212 3252 3348 3439 3448 3501 3595 3767 3807 3832 3904 3994 4054 4180 4192 4641 4670 4729 4819 4825 4929 4941 4972 5060 5070 5112 5277 5332 5366 5485 5603 6585 6593 6594 6604 6624 6625 6638 6639 6640 6665 6673 6674 6698 6706 6707 6719 6725 6732 6741 6742 6743 6744 6762 6777 6790 6795 6808 6821 6829 6846 6865 6880 6881 6888 6903 6904 6916 6925 6935 6943 6944 6945 6959 6977 6984 6998 6999 7009 7033 7034 7041 7042 7068 7069 7099 7100 7101 7113 7114 7115 7125 7126 7175 7176 7181 7182 7191 7201 7221 7238 7250 7257 7258 7292 7304 7315 7329 7330 7331 7339 7340 7351 7352 7376 7391 7392 7412 7413 7439 7480 7481 7482 7483 7491 7505 7545 7546 7550 7555 7596 7605 7614 7658 7673 7689 7708 7743 7752 7753 7754 7813 7824 7825 7826 7827 7877 7906 7933 8004 8042 
	}
	weather={
	}
}
