
strategic_region={
	id=196
	name="STRATEGICREGION_196"
	provinces={
		17 324 531 729 934 1118 1353 1371 1492 1522 1668 1715 1803 1810 1939 1949 2043 2244 2648 3008 3127 3155 3245 3514 3741 3909 3969 4106 4185 4235 4282 4338 4413 4451 4689 4931 4936 5089 5190 5232 5405 5443 5685 7149 7177 7213 7222 7228 7229 7239 7251 7259 7270 7276 7287 7293 7316 7317 7318 7332 7333 7359 7382 7393 7394 7405 7421 7432 7440 7448 7454 7463 7464 7474 7475 7512 7536 7537 7556 7565 7585 7586 7606 7627 7634 7648 7649 7659 7698 7709 7710 7723 7724 7755 7773 7779 7780 7781 7782 7791 7792 7828 7840 7841 7842 7850 7856 7857 7858 7880 7907 7913 7919 7920 7928 7947 7948 7963 7986 8012 8022 15839 
	}
	weather={
	}
}
