
strategic_region={
	id=197
	name="STRATEGICREGION_197"
	provinces={
		278 288 311 377 448 490 551 722 857 965 985 1246 1276 1440 1455 1475 1511 1517 1649 1819 1877 1914 2153 2351 2369 2386 2427 2783 3174 3228 3282 3325 3385 3449 3477 3618 3705 3790 4135 4474 4488 4647 4887 4940 5148 5199 5380 5471 5664 5666 5813 5846 5884 5920 5921 5923 5932 5953 5956 5957 5967 5983 5991 6007 6008 6015 6028 6057 6070 6071 6078 6092 6093 6110 6130 6131 6135 6142 6143 6144 6156 6164 6165 6178 6188 6194 6199 6212 6220 6248 6249 6260 6261 6268 6269 6277 6302 6303 6311 6312 6323 6333 6346 6352 6359 6366 6378 6390 6391 6392 6411 6417 6425 6426 6437 6438 6476 6482 6487 6488 6489 6490 6497 6520 6530 6536 6550 6560 6561 6576 6586 6626 6675 6690 6763 
	}
	weather={
	}
}
