
strategic_region={
	id=198
	name="STRATEGICREGION_198"
	provinces={
		195 290 297 385 469 548 743 744 795 848 906 1278 1312 1402 1467 1662 1786 1897 2032 2141 2165 2629 3018 3038 3427 3673 3899 3998 4039 4074 4317 4444 4503 4507 4657 4662 4772 5282 5292 5373 5414 5707 5708 5710 5713 5715 5716 5720 5721 5725 5735 5736 5737 5738 5739 5740 5748 5754 5758 5759 5764 5765 5771 5772 5773 5777 5780 5786 5793 5796 5797 5798 5799 5801 5802 5808 5814 5827 5828 5830 5831 5832 5836 5840 5848 5849 5850 5867 5868 5873 5874 5885 5892 5898 5906 5907 5912 5924 5926 5927 5954 5955 5962 5963 5968 5974 5984 5993 5994 5999 6000 6001 6033 6050 6063 6064 6065 6119 
	}
	weather={
	}
}
