
strategic_region={
	id=199
	name="STRATEGICREGION_199"
	provinces={
		8 70 136 299 757 838 904 971 1007 1117 1125 1369 1373 1672 1704 1787 1995 2028 2178 2204 2365 2536 2598 2645 2668 2976 3045 3063 3488 3511 3638 3700 3764 3861 3873 3888 3915 3924 4061 4232 4242 4334 4359 4363 4406 4527 4629 4737 4779 5045 5295 5343 5462 5544 6020 6029 6030 6034 6035 6043 6051 6052 6058 6066 6079 6083 6084 6094 6095 6124 6125 6132 6145 6157 6166 6179 6189 6190 6191 6213 6214 6221 6237 6238 6250 6251 6270 6278 6279 6285 6296 6324 6325 6334 6335 6341 6367 6368 6379 6393 6400 6412 6418 6419 6427 6439 6440 6460 6461 6491 6498 6508 6509 6521 6531 6551 6568 6569 6577 6587 6588 6595 6631 6632 6641 6642 6653 6654 6685 6699 6708 6709 6710 6720 6726 6745 6752 6753 6764 6773 6778 6809 6810 6822 6823 6830 6855 6866 6867 6882 6893 6905 6926 6946 6960 6969 6985 7000 7001 7035 7036 7070 7081 7116 7168 7169 
	}
	weather={
	}
}
