
strategic_region={
	id=2
	name="STRATEGICREGION_2"
	provinces={
		109 371 667 870 873 917 1269 1710 1711 2034 2066 2360 2614 2640 2655 2790 2822 2845 3085 3332 3422 3549 3593 3710 3766 4007 4360 4479 4599 4723 4818 4861 4964 5120 5144 5252 5482 5489 5567 11021 11060 11112 11113 11124 11125 11126 11168 11169 11181 11203 11204 11254 11255 11265 11288 11300 11301 11336 11337 11354 11371 11372 11373 11411 11420 11421 11422 11440 11441 11442 11455 11456 11493 11494 11502 11503 11512 11531 11532 11543 11562 11574 11603 11611 11624 11625 11640 11651 11660 11683 11693 11707 11724 11743 11776 11777 11778 11802 11803 11827 11851 11852 11865 11895 11903 11909 11923 11937 11953 11968 11984 12005 12006 
	}
	weather={
	}
}
