
strategic_region={
	id=201
	name="STRATEGICREGION_201"
	provinces={
		110 112 161 747 819 1317 1501 1574 1754 1826 1831 1839 1846 1850 2247 2284 2421 2995 3095 3147 3251 3480 4016 4133 4190 4380 4598 4717 4883 5017 5029 5030 5096 5363 5483 5509 5539 5590 5717 5718 5719 5726 5727 5728 5729 5731 5741 5743 5755 5756 5760 5761 5774 5775 5778 5781 5787 5788 5794 5800 5803 5807 5809 5810 5815 5816 5821 5822 5837 5841 5842 5843 5847 5851 5852 5853 5863 5869 5875 5876 5877 5878 5879 5880 5893 5894 5899 5908 5909 5913 5914 5917 5928 5933 5934 5940 5949 5950 5951 5952 5958 5969 5977 5985 5986 6002 6021 6036 6037 6038 6039 
	}
	weather={
	}
}
