
strategic_region={
	id=204
	name="STRATEGICREGION_204"
	provinces={
		156 284 347 493 563 686 693 717 830 926 1138 1341 1388 1400 1413 1790 1954 2196 2246 2372 2457 2501 2517 2664 2772 3093 3144 3371 3474 3573 3911 4368 4485 4570 4652 4787 4989 5326 5388 5565 5613 6428 6452 6462 6468 6477 6492 6499 6510 6522 6537 6538 6539 6547 6552 6596 6605 6606 6607 6620 6643 6655 6656 6657 6658 6676 6686 6700 6711 6754 6755 6765 6774 6801 6811 6831 6832 6860 6868 6869 6894 6906 6917 6936 6937 6938 6947 6970 6986 6991 7010 7011 7012 7021 7061 7082 7090 7102 7127 7137 7138 7170 7171 7172 7192 7193 7194 7202 7240 7241 7260 
	}
	weather={
	}
}
