
strategic_region={
	id=206
	name="STRATEGICREGION_206"
	provinces={
		30 32 41 78 198 206 362 364 384 456 601 701 879 915 930 935 1033 1106 1151 1503 1568 1734 1772 1792 1814 1883 2185 2262 2330 2441 2610 2620 2750 2779 3048 3084 3408 3552 4095 4096 4116 4136 4228 4274 4281 4301 4541 4947 4984 5066 5178 5330 5370 5655 6060 6121 6138 6160 6167 6168 6184 6205 6224 6241 6262 6275 6287 6299 6338 6339 6385 6386 6396 6414 6421 6445 6454 6455 6456 6472 6479 6483 6503 6512 6548 6555 6562 6610 6622 6645 6671 6691 6702 6713 6783 6803 6833 6848 6849 6897 6909 6921 6922 6964 6979 6980 6993 7024 7053 7074 7092 7106 7107 7128 7140 7141 7142 7151 7174 7178 7185 7204 7205 7214 7215 7216 7224 7230 7243 7263 7271 7278 7288 7296 7307 7321 7342 7354 7384 7397 7398 7426 7434 7466 7476 7494 7526 7527 7540 7599 7600 
	}
	weather={
	}
}
