
strategic_region={
	id=207
	name="STRATEGICREGION_207"
	provinces={
		73 414 579 625 640 1062 1076 1197 1290 1338 1497 1577 1651 1705 2051 2127 2556 2705 2776 2785 2821 2896 3056 3106 3150 3222 3317 3432 3453 3567 3831 3837 4000 4062 4535 4735 4954 5409 5440 5656 7183 7252 7277 7319 7334 7341 7353 7360 7361 7414 7415 7422 7423 7449 7465 7484 7492 7500 7513 7514 7538 7566 7573 7574 7621 7628 7635 7636 7637 7650 7690 7691 7700 7711 7712 7731 7744 7756 7769 7775 7783 7793 7794 7804 7814 7829 7830 7860 7861 7869 7908 7975 8005 
	}
	weather={
	}
}
