
strategic_region={
	id=210
	name="STRATEGICREGION_210"
	provinces={
		42 214 222 253 295 509 751 941 1131 1152 1159 1168 1274 1485 1498 1756 1968 2029 2308 3266 3715 3722 3838 3844 4105 4146 4397 4453 4797 5361 7308 7322 7355 7364 7369 7370 7371 7410 7427 7477 7515 7516 7576 7577 7601 7609 7631 7639 7652 7702 7716 7717 7725 7733 7734 7757 7785 7796 7797 7815 7816 7817 7831 7853 7872 7873 7881 7882 7892 7893 7909 7930 7931 7938 7939 7951 7957 7958 7967 7976 8008 8015 8023 8032 8033 8045 8059 8092 8102 8125 8151 8159 8173 8189 8190 8201 8214 8225 
	}
	weather={
	}
}
