
strategic_region={
	id=211
	name="STRATEGICREGION_211"
	provinces={
		43 100 237 273 281 353 390 561 597 616 641 718 731 776 820 972 1107 1213 1488 1499 1515 1581 1690 1769 1782 1805 1875 1916 1925 1943 2031 2177 2251 2315 2322 2461 2514 2573 2596 2618 2685 2892 2952 3142 3165 3268 3271 3497 3651 3918 3923 4130 4176 4231 4279 4428 4448 4611 4673 4715 4750 4774 4842 5006 5103 5200 5255 5384 5555 5638 5658 5696 7395 7396 7425 7493 7547 7552 7559 7587 7588 7608 7615 7630 7651 7660 7661 7676 7701 7714 7715 7732 7745 7795 7843 7844 7852 7862 7871 7891 7936 7937 7950 7956 7964 7965 7966 7987 8006 8007 8030 8031 8044 8058 8079 8101 8122 8123 8124 8138 8150 8158 8172 8180 8198 8199 8200 8222 8223 8224 8240 8249 8291 8304 8305 8306 8307 8331 8341 8342 8369 8370 8378 8419 8420 8421 8460 8470 8495 8515 8516 8517 8547 8559 8578 8604 8614 8643 8676 8683 8721 8722 8745 8916 
	}
	weather={
	}
}
