
strategic_region={
	id=212
	name="STRATEGICREGION_212"
	provinces={
		101 286 709 766 1294 1387 1597 1871 2058 2079 2157 2159 2254 2511 2591 2830 2866 2935 2981 3065 3116 3357 3465 3568 3760 3876 3881 3925 3972 4044 4128 4158 4292 4410 4648 4721 5013 5078 5338 5600 5628 8226 8262 8263 8270 8292 8317 8318 8343 8352 8353 8402 8403 8422 8432 8444 8445 8446 8451 8461 8483 8484 8496 8508 8509 8526 8527 8539 8560 8593 8594 8605 8615 8616 8621 8652 8653 8663 8664 8677 8684 8694 8705 8723 8729 8730 8754 8771 8772 8790 8791 8800 8833 8834 8873 8874 8883 8917 8932 8953 8966 8995 9009 9019 9038 9047 9048 9079 9098 9114 9125 9156 9167 9174 9191 9204 9248 9288 9307 9347 
	}
	weather={
	}
}
