
strategic_region={
	id=214
	name="STRATEGICREGION_214"
	provinces={
		46 54 77 494 526 793 843 854 884 1040 1085 1248 1286 1461 1464 1474 1477 1490 1595 1632 1667 1669 1725 1781 2078 2143 2152 2227 2287 2331 2431 2605 2653 2709 2718 2792 2852 2925 2974 3028 3078 3160 3178 3243 3388 3492 3493 3557 3590 3708 3777 3817 3819 3893 4075 4102 4269 4300 4330 4356 4518 4617 4710 4863 5068 5193 5286 5290 5387 5449 5459 5506 5629 8417 8442 8506 8592 8602 8642 8650 8662 8675 8704 8727 8752 8753 8764 8789 8799 8807 8814 8825 8871 8872 8901 8915 8930 8952 8964 8965 8976 8977 8985 9008 9018 9025 9037 9045 9062 9076 9077 9088 9089 9096 9097 9124 9139 9154 9155 9164 9165 9166 9172 9181 9190 9247 9286 9303 9304 9305 9306 9320 9344 9345 9368 9378 9379 9387 9388 9407 9417 9438 9447 9456 9457 9458 9478 9534 9535 9549 9613 9635 9636 9667 9679 9698 9699 9722 9745 9766 9781 9804 9820 9821 9822 9840 9848 9895 
	}
	weather={
	}
}
