
strategic_region={
	id=216
	name="STRATEGICREGION_216"
	provinces={
		866 1401 1641 1836 2480 3040 3069 3113 3200 3379 3398 3437 3946 4090 4326 4567 4758 4807 5185 5315 5437 13896 13897 13925 13929 13942 13964 13971 13977 13978 13987 13993 14001 14002 14007 14010 14011 14016 14032 14045 14056 14057 14062 14069 14078 14086 14092 14097 14101 14117 14120 14121 14122 14139 14140 14149 14150 14157 14175 14176 14180 14191 14198 14204 14211 14217 14223 14233 14241 14242 14266 14286 14293 14312 14324 14344 14351 14366 14384 14391 14500 14653 14689 
	}
	naval_terrain=water_fjords
	weather={
	}
}
