
strategic_region={
	id=29
	name="STRATEGICREGION_29"
	provinces={
		92 186 291 426 452 799 821 837 905 1202 1253 1542 1609 1744 1979 2008 2120 2547 2589 2787 2960 3096 3156 3197 3240 3262 3602 3619 3800 3887 3943 3986 4186 4369 4400 4533 4600 4707 4720 4769 4795 4803 5001 5083 5224 5554 5630 5691 11623 11692 11706 11717 11734 11775 11799 11800 11801 11809 11826 11863 11864 11877 11894 11901 11902 11922 11935 11951 11983 11996 11997 12004 12015 12024 12025 12026 12036 12049 12057 12058 12067 12068 12069 12081 12082 12095 12096 12097 12104 12110 12118 12119 12120 12136 12145 12151 12158 12159 12171 12187 12188 12189 12210 12211 12217 12224 12225 12226 12257 12258 12259 12270 12279 12286 12324 12345 12399 12412 
	}
	weather={
	}
}
