
strategic_region={
	id=30
	name="STRATEGICREGION_30"
	provinces={
		394 565 749 765 1302 1334 1399 1628 1660 1678 1882 1963 1987 1990 2009 2176 2323 2552 2651 2771 2873 2929 3005 3100 3220 3339 3658 4045 4459 4520 4674 4682 4943 5079 5418 11010 11032 11045 11072 11121 11132 11133 11177 11178 11179 11200 11233 11242 11264 11273 11287 11299 11313 11324 11342 11369 11382 11383 11384 11396 11397 11432 11451 11452 11453 11468 11479 11521 11530 11538 11539 11540 11541 11554 11555 11586 11620 11621 11622 11636 11637 11679 11680 11681 11691 11705 11716 11723 11733 11751 11764 11797 11798 11808 11819 11835 11850 11862 11876 11883 11893 15846 15849 
	}
	weather={
	}
}
