
strategic_region={
	id=31
	name="STRATEGICREGION_31"
	provinces={
		93 143 157 358 677 742 745 760 825 1127 1177 1196 1256 1487 1514 1815 1989 2116 2219 2553 2805 2868 2890 2912 2924 3021 3027 3066 3257 3363 3394 3458 3596 3773 3855 3866 4113 4140 4275 4371 4609 4626 4633 4666 4785 4857 4945 5039 5182 5358 5441 5501 5552 5583 5584 10045 10056 10142 10143 10154 10190 10191 10211 10212 10224 10225 10230 10231 10245 10252 10258 10272 10278 10286 10295 10312 10313 10314 10331 10343 10344 10360 10374 10375 10388 10397 10416 10417 10418 10419 10433 10440 10441 10450 10459 10470 10471 10495 10496 10497 10498 10510 10522 10535 10536 10544 10545 10555 10565 10566 10571 10581 10595 10606 10607 10617 10631 10640 10641 10642 10659 10660 10684 10685 10686 10696 10710 10726 10743 10744 10755 10787 10800 10821 10829 10842 10868 10882 10892 10893 10921 10939 10949 10950 10964 10975 10976 10990 11031 11057 11090 11144 11176 11232 
	}
	weather={
	}
}
