
strategic_region={
	id=32
	name="STRATEGICREGION_32"
	provinces={
		45 59 372 432 482 581 584 627 769 1268 1297 1720 1840 1864 1926 2375 2411 2478 2652 2932 3304 3320 3628 3784 3865 4042 4255 4272 4417 4642 4725 5077 5132 5346 5540 10632 10687 10711 10756 10830 10843 10852 10869 10883 10910 10911 10960 10965 11005 11006 11011 11012 11033 11034 11058 11073 11079 11080 11091 11102 11111 11122 11123 11134 11145 11157 11165 11166 11167 11180 11201 11202 11215 11216 11234 11235 11243 11274 11275 11276 11325 11353 11358 11359 11370 11398 11409 11410 11433 11454 11469 11480 11492 11511 11542 11573 11602 11638 11639 11682 
	}
	weather={
	}
}
