
strategic_region={
	id=34
	name="STRATEGICREGION_34"
	provinces={
		213 279 294 438 590 615 710 775 933 969 1054 1070 1079 1135 1179 1277 1549 1686 1794 1899 1977 1992 2092 2266 2290 2384 2503 2578 2601 2635 2675 2727 2922 2963 3050 3167 3177 3291 3391 3443 3469 3491 3498 3523 3694 3763 3787 3919 4013 4156 4178 4239 4252 4649 4693 4708 5016 5397 5455 5514 5690 5699 9333 9369 9370 9389 9408 9418 9419 9448 9449 9470 9471 9487 9501 9516 9522 9536 9537 9550 9551 9572 9573 9614 9621 9622 9637 9638 9649 9656 9689 9690 9700 9701 9723 9724 9754 9805 9806 9823 9849 9869 9877 9878 9894 9918 9945 9953 9954 9985 9996 9997 10008 10019 10024 10032 10038 10057 10073 10074 10075 10091 10092 10100 10101 10102 10121 10133 10144 10173 10181 10182 10183 10226 
	}
	weather={
	}
}
