
strategic_region={
	id=35
	name="STRATEGICREGION_35"
	provinces={
		24 192 199 317 588 753 1360 1915 1940 1960 1981 2241 2343 2657 2693 2879 3265 3608 3949 4134 4304 4938 5131 5187 5298 5391 5410 5498 5553 5566 5586 5680 11936 11952 11998 12016 12027 12037 12038 12039 12070 12098 12111 12121 12129 12172 12190 12212 12213 12227 12242 12243 12244 12260 12261 12271 12272 12287 12301 12302 12312 12313 12334 12346 12353 12366 12367 12377 12391 12400 12401 12402 12413 12422 12436 12466 12478 12484 12558 
	}
	weather={
	}
}
