
strategic_region={
	id=37
	name="STRATEGICREGION_37"
	provinces={
		866 1401 1641 1836 2480 3040 3069 3113 3200 3379 3398 3437 3946 4090 4326 4567 4758 4807 5185 5315 5437 13896 13897 13925 13929 13942 13964 13971 13977 13978 13987 13993 14001 14002 14007 14010 14011 14016 14032 14045 14056 14057 14062 14069 14078 14086 14092 14097 14101 14117 14120 14121 14122 14139 14140 14149 14150 14157 14175 14176 14180 14191 14198 14204 14211 14217 14223 14233 14241 14242 14266 14286 14293 14312 14324 14344 14351 14366 14384 14391 14500 14653 14689 15423 15424 15425 15426 15427 15428 15429 15430 15432 15433 15434 15435 15436 15437 15439 15440 15441 15443 15444 15445 15446 15448 15449 15450 15451 15452 15453 15455 15456 15457 15458 15459 15460 15461 15462 15463 15464 15465 15466 15467 15468 15469 15470 15471 15472 15474 15475 15476 15477 15478 15479 15480 15481 15482 15483 15484 15485 15486 15487 15488 15489 15490 15491 15492 15493 15495 15496 15497 15498 15499 15500 15501 15502 15503 15504 15506 15507 15509 15510 15511 15512 15515 15518 15519 15520 15521 15522 15523 15524 15525 15526 15528 15529 15530 15533 15534 15535 15536 15537 15538 15540 15541 15542 15543 15544 15547 15548 15549 15550 15552 15553 15554 15556 15557 15558 15560 15561 15562 15565 15568 15574 15575 15576 15577 15578 15579 15580 15581 15582 15584 15586 15588 15589 15590 15592 15596 15598 15602 15603 15604 15606 15610 15611 15612 15613 15614 15615 15616 15617 15619 15620 15622 15625 15629 15631 15636 15640 15644 15649 15655 15656 15658 15664 15665 15668 15669 15670 15673 15674 15677 15679 15683 15686 15687 15690 15699 15700 15702 15704 15707 15714 15715 15718 15723 15724 15726 15727 15734 15735 15737 15741 15744 15747 15753 15757 15766 15767 15772 15785 15786 15795 15796 15797 15800 15803 15807 15829 15834 15835 15836 15837 
	}
	weather={
	}
}
