
strategic_region={
	id=38
	name="STRATEGICREGION_38"
	provinces={
		11 31 131 818 947 1254 1445 1713 1816 1862 1878 1971 2171 2183 2222 2281 2509 2628 2673 2751 2759 2871 3079 3383 3967 4603 4971 5242 5251 5369 5426 5579 15260 15269 15270 15276 15277 15280 15288 15289 15293 15301 15309 15321 15324 15325 15326 15336 15337 15341 15343 15345 15352 15353 15358 15362 15363 15367 15377 15379 15380 15384 15389 15392 15393 15396 15398 15399 15401 15407 15408 15411 15412 15413 15414 15416 15417 15418 15419 
	}
	weather={
	}
}
