
strategic_region={
	id=39
	name="STRATEGICREGION_39"
	provinces={
		147 447 695 919 989 1052 1139 1195 1524 1619 1674 2271 2292 3068 3287 3364 3460 3574 3582 3711 4222 4688 4794 4801 5053 5116 15113 15118 15126 15155 15181 15187 15194 15200 15201 15213 15214 15218 15219 15220 15231 15232 15237 15238 15251 15252 15258 15266 15273 15274 15275 15282 15285 15286 15292 15295 15298 15299 15305 15306 15311 15312 15314 15317 15319 15320 15328 15329 15331 15334 15344 15347 15349 15357 15371 
	}
	weather={
	}
}
