
strategic_region={
	id=40
	name="STRATEGICREGION_40"
	provinces={
		97 120 179 205 421 520 946 1017 1319 1473 1552 1569 1988 2316 2661 2744 2992 3316 3407 3428 3558 3750 3779 3827 3859 3984 4043 4920 5073 5362 5406 5429 5480 15132 15143 15183 15190 15195 15210 15215 15222 15227 15245 15246 15259 15261 15267 15278 15279 15283 15284 15294 15296 15300 15302 15303 15304 15307 15310 15315 15316 15318 15322 15323 15327 15330 15335 15338 15339 15340 15342 15346 15348 15350 15354 15355 15359 15360 15364 15368 15372 15374 15375 15378 15381 15382 15390 15397 15406 15409 
	}
	weather={
	}
}
