
strategic_region={
	id=41
	name="STRATEGICREGION_41"
	provinces={
		1 232 240 360 466 503 516 583 585 624 664 680 699 959 1162 1279 1450 1665 1757 1783 1908 2321 2380 2397 2417 2452 2462 2593 2634 2721 3035 3091 3173 3280 3420 3452 3585 3620 3634 3635 3860 3977 4115 4241 4484 4563 4835 4998 5094 5109 5138 5203 5254 5456 5531 14719 14733 14749 14753 14767 14781 14798 14802 14805 14830 14844 14845 14850 14881 14891 14892 14906 14913 14923 14924 14925 14932 14933 14934 14941 14946 14955 14960 14961 14963 14969 14970 14974 14981 14988 14989 14998 15001 15002 15009 15010 15020 15024 15029 15033 15037 15052 15057 15058 15059 15068 15073 15093 15099 15103 15106 15107 15114 15127 15142 15144 15145 15152 15166 15170 15171 15177 15182 15188 15189 15202 15205 15221 15226 15244 15253 15262 
	}
	weather={
	}
}
