
strategic_region={
	id=42
	name="STRATEGICREGION_42"
	provinces={
		37 119 128 166 375 400 619 700 719 836 1011 1188 1215 1418 1681 1687 1823 2142 2189 2342 2506 2701 2708 2839 2899 2957 2964 3409 3424 3570 3689 3704 4169 4308 4498 4632 4659 4681 4728 4730 4767 4852 4905 4975 5082 5130 5349 5562 5574 14754 14775 14776 14790 14803 14806 14813 14838 14846 14851 14861 14866 14882 14907 14914 14915 14930 14942 14947 14951 14952 14962 14964 14965 14971 14975 14980 14982 14983 14984 14990 14992 14995 14996 14999 15007 15013 15014 15016 15021 15025 15030 15031 15038 15041 15047 15048 15049 15053 15060 15063 15064 15065 15078 15079 15090 15091 15094 15100 15104 15105 15108 15119 15133 15134 15146 15147 15148 15163 15167 15168 15178 15179 15184 15191 15206 15207 15208 15223 15233 15239 15242 15254 15255 
	}
	weather={
	}
}
