
strategic_region={
	id=43
	name="STRATEGICREGION_43"
	provinces={
		60 726 1116 1220 1243 1355 1612 1973 2235 2324 2376 2399 2499 2537 2562 2877 3139 3461 3597 3756 3769 3999 4022 4073 4200 4352 4396 5024 5085 5158 5260 5392 5534 14304 14306 14322 14323 14334 14343 14359 14360 14373 14405 14416 14422 14423 14440 14448 14457 14461 14468 14473 14487 14488 14499 14507 14508 14522 14523 14534 14549 14573 14574 14585 14598 14606 14607 14619 14625 14631 14639 14647 14648 14666 14670 14671 14693 14696 14705 14706 14720 14725 14735 14736 14761 14762 14777 14799 14804 14807 14814 14818 14819 14831 14854 14855 14856 14867 14871 14883 14885 14893 14902 14908 14916 14935 
	}
	weather={
	}
}
