
strategic_region={
	id=44
	name="STRATEGICREGION_44"
	provinces={
		269 440 938 1047 1050 1226 1313 1316 1378 1426 1658 1663 1671 1818 2112 2665 2782 3057 3124 3236 3377 3789 3803 3829 3853 4055 4182 4337 4419 4826 5139 5412 5451 5669 13856 13860 13879 13887 13895 13906 13907 13914 13938 13939 13940 13941 13949 13961 13963 13976 13986 13990 14006 14022 14028 14050 14061 14077 14100 14116 14119 14127 14152 14156 14162 14166 14174 14196 14197 14216 14222 14240 14250 14254 14262 14272 14273 14289 14290 14327 14449 15852 
	}
	weather={
	}
}
