
strategic_region={
	id=45
	name="STRATEGICREGION_45"
	provinces={
		115 117 170 280 327 342 359 398 430 449 467 470 515 649 715 746 805 814 1105 1124 1129 1146 1271 1291 1301 1449 1452 1558 1601 1694 1738 1739 1789 1858 2052 2150 2250 2445 2448 2453 2483 2493 2549 2678 2691 2915 2916 2968 3017 3118 3195 3238 3389 3459 3481 3669 3672 3806 4003 4005 4131 4161 4201 4213 4392 4712 4867 4900 4910 4999 5159 5194 5267 5465 5495 5626 5640 14173 14190 14203 14210 14231 14232 14239 14248 14249 14260 14261 14265 14270 14271 14280 14285 14288 14292 14297 14298 14303 14320 14321 14329 14330 14350 14356 14357 14358 14365 14383 14390 14398 14409 14413 14414 14425 14426 14430 14439 14453 14454 14455 14456 14460 14467 14472 14478 14486 14498 14502 14503 14505 14506 14513 14520 14521 14526 14527 14532 14533 14541 14547 14548 14562 14571 14572 14577 14582 14583 14584 14590 14601 14602 14613 14618 14624 14630 14633 14637 14638 14645 14646 14652 14656 14665 14669 14674 14682 14688 14704 14727 14732 14734 
	}
	weather={
	}
}
