
strategic_region={
	id=47
	name="STRATEGICREGION_47"
	provinces={
		162 239 292 335 419 475 496 895 1180 1217 1555 1572 1603 1605 1801 1884 2154 2255 2385 2394 2450 2647 2704 2825 2955 3225 3306 3349 3667 3833 4006 4475 4596 4695 5160 5253 5276 5421 14991 15003 15026 15032 15034 15050 15054 15061 15066 15067 15069 15070 15074 15075 15080 15081 15082 15095 15096 15097 15098 15101 15102 15109 15115 15116 15120 15121 15128 15135 15136 15137 15138 15139 15140 15149 15150 15153 15154 15156 15157 15158 15159 15160 15164 15169 15172 15173 15174 15175 15176 15180 15185 15186 15192 15196 15197 15198 15203 15209 15211 15212 15216 15217 15224 15228 15229 15234 15235 15236 15240 15243 15247 15248 15249 15250 15256 15257 15263 15264 15265 15268 15272 15281 15287 15313 15373 15387 15388 
	}
	weather={
	}
}
