
strategic_region={
	id=48
	name="STRATEGICREGION_48"
	provinces={
		16 242 513 537 794 978 1272 1419 1700 1901 1969 2091 2103 2180 2213 2273 2279 2391 2519 2555 2658 2819 2885 2972 3578 3584 3668 3734 4277 4423 4572 4630 4876 4966 5088 5258 14342 14364 14377 14388 14389 14411 14412 14421 14438 14466 14471 14504 14512 14540 14545 14546 14554 14581 14597 14617 14629 14635 14636 14663 14664 14673 14680 14681 14687 14692 14701 14702 14703 14717 14718 14742 14743 14748 14752 14760 14766 14779 14780 14789 14823 14824 14848 14849 14853 14865 14880 14884 14888 14901 14920 14922 14929 14959 14979 14994 
	}
	weather={
	}
}
