
strategic_region={
	id=49
	name="STRATEGICREGION_49"
	provinces={
		204 542 730 883 1201 1611 1648 1701 2256 2275 2306 2814 3129 3237 3277 3446 3454 3470 3617 3724 3896 4303 4640 4755 4850 4898 4918 4974 5020 5117 5390 5425 5518 5589 5688 14375 14376 14387 14404 14415 14420 14429 14437 14459 14464 14465 14470 14485 14497 14511 14517 14518 14519 14525 14539 14543 14553 14559 14560 14561 14570 14596 14605 14616 14628 14644 14668 14679 14690 14691 14700 14724 14731 14741 14746 14747 14759 14764 14765 14770 14774 14784 14797 14829 14837 14842 14843 14847 14864 14870 14879 14887 14899 14900 14911 14912 14919 14954 14958 
	}
	weather={
	}
}
