
strategic_region={
	id=50
	name="STRATEGICREGION_50"
	provinces={
		356 555 674 683 829 1241 1698 1771 1845 1985 2017 2093 2240 2713 2731 2820 2888 3267 3312 3569 3592 3662 3670 3950 4160 4214 4610 4615 4650 4656 4771 5296 5403 5560 5645 5679 14769 14773 14788 14812 14834 14841 14852 14860 14863 14869 14872 14873 14874 14875 14877 14878 14886 14897 14898 14910 14918 14921 14939 14940 14945 14949 14950 14973 14978 14987 14997 15006 15008 15012 15018 15019 15023 15036 15039 15040 15046 15055 15056 15072 15077 15089 15092 15124 15125 15131 15151 15162 15165 15193 15225 15241 
	}
	weather={
	}
}
