
strategic_region={
	id=51
	name="STRATEGICREGION_51"
	provinces={
		14 23 216 271 586 711 1072 1203 1281 1332 1506 1727 1785 1975 2001 2110 2280 2314 2488 2903 3010 3213 3288 3309 3311 3375 3989 4418 4499 4512 4525 4593 4636 4690 4817 4884 4950 5067 5246 5289 14154 14194 14199 14214 14220 14246 14247 14252 14268 14283 14291 14300 14316 14317 14332 14338 14363 14368 14386 14395 14396 14408 14410 14419 14428 14435 14436 14447 14463 14477 14484 14494 14495 14496 14515 14516 14537 14538 14542 14557 14558 14569 14580 14588 14589 14595 14604 14623 14626 14627 14651 14655 14662 14667 14677 14678 14714 14715 14716 14723 14745 14751 14763 14787 14796 14800 14801 14828 14835 14836 
	}
	weather={
	}
}
