
strategic_region={
	id=53
	name="STRATEGICREGION_53"
	provinces={
		95 320 343 345 350 368 404 672 920 1057 1263 1752 2027 2106 2172 2906 3059 3370 4026 4188 4401 4427 4538 4577 5080 5153 5208 5344 5667 14840 14876 14890 14896 14904 14905 14917 14938 14948 14953 14956 14957 14967 14968 14976 14977 14985 14986 14993 15000 15004 15005 15011 15015 15017 15022 15027 15028 15035 15042 15043 15044 15045 15051 15062 15071 15076 15083 15084 15085 15086 15087 15088 15110 15111 15112 15117 15122 15123 15129 15130 15141 15161 15199 15204 15230 
	}
	weather={
	}
}
