
strategic_region={
	id=55
	name="STRATEGICREGION_55"
	provinces={
		858 1077 1097 1509 1867 1955 2109 2398 2564 2699 3108 3323 3532 3554 3605 3611 3632 3650 3824 3922 4033 4145 4215 4457 4773 4997 5466 5472 5618 5704 14361 14378 14406 14431 14441 14442 14450 14458 14479 14480 14489 14509 14528 14529 14550 14563 14575 14591 14608 14614 14620 14657 14683 14697 14707 14708 14721 14726 14755 14768 14771 14785 14791 14808 14820 14821 14822 14825 14832 14839 14857 14858 14868 14889 14894 14895 14903 14909 14926 14927 14931 14936 14937 14943 14944 14966 14972 
	}
	weather={
	}
}
