
strategic_region={
	id=56
	name="STRATEGICREGION_56"
	provinces={
		144 274 344 409 410 909 1136 1859 1902 2041 2206 2243 2297 2999 3380 3565 3601 3802 4526 4619 4778 4837 5072 5125 5198 5304 5502 5601 5678 5705 13965 13979 13997 14012 14023 14033 14034 14035 14039 14058 14063 14070 14071 14074 14087 14098 14099 14108 14109 14118 14123 14141 14142 14158 14159 14167 14168 14169 14177 14181 14182 14192 14212 14213 14218 14224 14225 14234 14243 14255 14263 14274 14281 14299 14307 14313 14331 14335 14339 14362 14369 14374 14385 14399 14432 
	}
	weather={
	}
}
