
strategic_region={
	id=61
	name="STRATEGICREGION_61"
	provinces={
		210 392 529 530 535 569 570 758 1064 1292 1453 1637 1838 2004 2050 2355 2432 3296 3613 3684 3793 3868 3892 4472 4504 4571 4574 4759 4849 4873 5091 5479 5535 5650 13582 13598 13620 13627 13654 13658 13666 13689 13704 13705 13720 13726 13729 13737 13744 13751 13756 13771 13781 13783 13800 13805 13814 13827 13830 13839 13851 13852 13854 13882 13883 13898 13911 13924 13926 13927 13934 13953 13962 13973 13991 13994 14024 14046 14059 14083 14094 14104 14105 14153 
	}
	weather={
	}
}
