
strategic_region={
	id=62
	name="STRATEGICREGION_62"
	provinces={
		141 175 261 330 370 478 575 618 949 1119 1145 1411 1420 1434 1809 1912 2067 2111 2265 2387 2444 2641 2740 2936 3053 3130 3189 3326 3381 3451 3709 3971 4206 4305 4501 4542 4899 4960 4961 5146 5303 5674 13935 13957 13974 13975 13981 13995 13996 14009 14015 14019 14025 14037 14041 14047 14053 14064 14066 14067 14075 14084 14090 14106 14113 14125 14132 14133 14134 14145 14161 14178 14179 14186 14195 14200 14202 14208 14209 14221 14228 14229 14236 14237 14258 14259 14269 14277 14278 14279 14284 14287 14295 14296 14301 14302 14318 14319 14325 14326 14333 14341 14349 14353 14354 14355 14372 14397 
	}
	weather={
	}
}
