
strategic_region={
	id=63
	name="STRATEGICREGION_63"
	provinces={
		111 180 393 441 651 720 762 768 889 962 1409 1415 1633 1650 1748 1870 2149 2528 2533 2608 2855 3233 3464 3581 3633 3770 4017 4098 4159 4177 4278 4435 4733 4748 4827 4927 4930 5040 5299 5581 5651 5657 13797 13806 13811 13831 13837 13840 13847 13859 13870 13871 13884 13899 13900 13901 13902 13918 13920 13936 13946 13954 13955 13958 13968 13982 13992 14004 14020 14021 14030 14048 14054 14076 14091 14114 14135 14136 14146 14147 14151 14165 14172 14187 14188 14215 14230 14238 14253 
	}
	weather={
	}
}
