
strategic_region={
	id=70
	name="STRATEGICREGION_70"
	provinces={
		148 244 361 738 998 1015 1175 1376 1599 1861 1890 1891 2543 2752 2861 2928 3003 3032 3192 3535 3636 3644 3890 3953 3996 4038 4147 4411 4441 5014 5236 5447 5460 5660 13373 13393 13402 13408 13423 13424 13448 13452 13457 13458 13472 13480 13481 13488 13489 13490 13505 13506 13511 13514 13515 13520 13541 13542 13543 13545 13569 13571 13572 13573 13580 13585 13589 13594 13596 13602 13603 13608 13609 13616 13617 13626 13633 13642 13644 13645 13646 13663 
	}
	weather={
	}
}
