
strategic_region={
	id=71
	name="STRATEGICREGION_71"
	provinces={
		193 465 634 945 1005 1018 1192 1526 1580 1621 1629 1652 2524 2626 2681 2926 3024 3253 3801 4020 4170 4311 5095 5240 5444 5649 13290 13291 13306 13319 13336 13337 13345 13353 13365 13369 13387 13396 13397 13398 13409 13410 13414 13427 13428 13436 13437 13449 13454 13466 13467 13473 13482 13485 13492 13500 13501 13504 13508 13512 13521 13523 13526 13527 13532 13533 13550 13556 13560 13562 13566 13583 13587 13622 
	}
	weather={
	}
}
