
strategic_region={
	id=80
	name="STRATEGICREGION_80"
	provinces={
		15 228 600 788 813 1071 1880 2531 2583 3951 4024 4041 4260 4387 4749 5211 5320 5468 5513 5642 5692 11628 11675 11710 11748 11755 11791 11829 11842 11879 11905 11912 11941 11959 11975 11976 12032 12061 12072 12090 12099 12130 12147 12154 12161 12173 12214 12220 12228 12233 12245 12264 12276 12281 12295 12296 12305 12306 12315 12356 12357 12358 12368 12380 12381 12415 12423 12431 12438 12448 12470 12488 12489 12499 12521 12559 12569 12584 12593 
	}
	weather={
	}
}
