5 7 13257 13312 13276 13191 4804 5396 2908 
1 8 12926 12983 3810 13080 2646 2850 13211 13257 
4 11 2908 13019 2338 5573 12976 12926 12878 12866 12867 12814 5398 
4 15 13643 13623 13590 13611 2139 1264 13570 3125 13551 13497 603 13438 13403 13355 13312 
2 12 1264 13624 13655 13677 13706 4385 13766 4143 2214 3770 13954 2528 
4 12 5398 2302 2300 12694 5273 735 12505 4320 4663 12317 12292 2797 
4 26 1236 12755 534 4903 12787 12778 12811 1888 12818 12810 12848 12895 4286 4882 656 678 12785 12777 12803 4218 12847 4168 12735 12681 12651 3149 
2 7 656 1092 4568 12613 12538 12480 12371 
4 27 3149 12522 4031 12406 12349 12329 2303 12265 12195 2346 12091 12087 646 12086 2859 11913 2947 11792 802 1894 1607 11727 2633 2867 759 11770 11756 
4 7 1236 2565 12636 12576 2724 12374 2797 
4 7 2908 13000 2956 12896 12849 12795 1236 
2 10 4286 5593 12991 5318 5591 13135 2264 13243 13304 13305 
4 10 5398 2115 4780 3587 4198 12889 1287 12907 12908 3201 
4 11 3201 2571 12936 12946 4079 13030 13021 435 13051 3276 155 
3 15 13312 13263 13338 3180 2145 13430 13419 459 13431 2497 2688 13487 13499 2902 2498 
3 10 2498 880 13528 21 2339 13601 2943 13621 4638 13631 
5 8 13631 3716 13563 13564 13568 13535 3917 13510 
5 11 13463 13445 2451 13376 13405 13367 3937 13363 2753 13328 13279 
5 6 13510 13536 1516 13519 13494 13463 
1 4 5058 13593 13554 1516 
4 9 13643 13673 5535 13705 13720 13751 392 13756 13771 
4 11 13771 13756 13800 1064 5479 4305 3971 14047 1809 14125 14236 
4 7 13771 13744 569 5650 13666 13640 1843 
4 8 1843 13573 13585 3890 13609 13646 5014 13670 
4 8 13670 13699 13669 5328 13668 2129 3003 5660 
4 7 13670 4203 13722 13753 13776 13798 13836 
3 9 13836 87 2305 13932 1646 14018 14014 3411 925 
2 19 925 3411 14014 14018 1646 5474 14008 14040 4048 4623 4873 14059 14046 14024 4899 2067 14145 3189 14125 
3 14 3835 1740 461 12133 712 1309 12074 3444 11962 11872 11772 11761 11688 5461 
2 6 1350 12267 12221 12184 12127 12062 
2 5 3444 4327 12022 4445 12062 
1 7 4094 12373 12416 12443 12396 12389 4558 
1 7 4558 12503 552 12622 12700 2026 12818 
1 4 2908 3594 3525 13129 
1 5 13129 13106 13079 1966 13066 
1 4 13066 521 4309 898 
1 3 898 2211 169 
1 3 169 13008 5318 
3 8 5660 13580 13541 13511 1890 13447 2099 13418 
1 7 13305 13374 13386 13395 13394 2529 300 
1 5 300 13490 2928 13545 13573 
1 2 13385 4991 
1 9 4991 13351 673 13332 13350 4732 13300 13260 13255 
1 11 13255 13218 4315 5676 2893 13254 13248 13206 13172 13164 13205 
3 16 13418 13401 5457 13371 13377 4348 2889 13246 13201 1630 13131 5530 5524 13141 13127 13086 
3 4 13086 3157 2595 13017 
2 5 13205 13247 2095 13341 5457 
1 4 13205 13158 13134 5453 
1 4 5453 13088 3062 1630 
1 3 12690 12746 12777 
3 6 79 10315 10451 10523 10596 10673 
4 3 10796 4925 4798 
2 2 3012 10675 
3 7 10675 772 10634 10597 1421 10648 10618 
4 9 10618 10697 10788 10870 371 11021 2640 2360 11373 
5 3 11373 11442 1711 
2 6 11035 10992 4035 10962 10895 10896 
3 3 11638 11682 4369 
3 3 4369 2589 1542 
3 4 1542 1609 11983 905 
1 4 1542 12024 11997 12036 
1 5 79 5293 10536 3773 10696 
1 3 12036 821 11922 
1 6 11835 11922 11996 3262 2009 11883 
1 3 12109 12048 2009 
3 6 905 3240 3986 5691 12097 2787 
1 3 3240 12082 12119 
1 3 12119 3800 2787 
1 3 3549 11801 11864 
1 3 11864 11902 3986 
1 2 12120 12097 
1 5 11385 5168 811 11104 11035 
1 5 11338 11343 1370 3055 11385 
1 4 11338 3500 1768 2970 
1 4 10896 10978 11022 4808 
1 3 4808 4171 1768 
4 8 10796 10757 10673 10608 3563 654 10511 10435 
3 7 10435 10356 1054 10121 10091 10075 10100 
1 3 10435 10355 10260 
1 3 10260 10233 3081 
1 3 3081 5226 9978 
1 2 10144 1054 
2 4 10100 10101 10008 2601 
1 3 9869 2266 9849 
1 4 9849 3498 1686 2963 
1 3 2601 9945 9869 
1 9 9869 9878 9823 1070 9877 9805 9723 3050 5016 
1 5 2727 2578 9700 1977 9869 
1 3 2963 9379 1464 
1 5 9535 1490 9549 9501 5016 
1 2 9849 5699 
1 4 5699 4156 10092 10133 
1 5 10133 2503 10183 10102 10038 
3 2 1135 3787 
3 3 10038 1179 1135 
3 3 3787 710 9622 
3 6 9622 9537 9471 9389 9346 1638 
3 5 3065 9156 9191 9266 1638 
1 6 5699 9918 2384 4649 4178 3787 
1 4 9419 9470 3177 9622 
3 6 8484 8527 5628 8684 5078 4044 
3 4 8874 709 9047 3065 
3 5 8754 2159 8772 8790 8874 
3 4 8754 8723 8677 4044 
3 2 8484 8560 
1 3 9125 9079 9047 
2 5 8527 8446 8403 8318 8226 
2 3 8226 8159 3838 
2 4 3838 7958 7951 7882 
2 2 7873 7882 
2 5 7882 7797 7717 509 7516 
1 2 7639 509 
2 3 7371 1968 7516 
1 3 7427 7370 7371 
1 3 7853 7892 7873 
1 4 8226 8263 8353 2157 
1 3 2157 4158 8461 
1 3 2157 1294 3844 
1 5 101 8653 3357 4648 8874 
1 3 101 8444 286 
1 3 8461 8594 2159 
1 3 2157 8445 8539 
1 3 5628 8496 8539 
1 3 3844 5361 4292 
1 5 4292 2308 4105 8032 2029 
1 5 2029 8045 8102 8151 3722 
1 4 2029 7930 7909 7815 
1 3 8539 5600 8677 
1 7 9550 2675 9690 9701 9724 775 4178 
1 3 9550 4252 1464 
1 3 1464 9369 5514 
1 3 5514 9220 9078 
1 2 4252 9369 
2 6 1477 9062 3590 4300 8965 8872 
2 2 8965 3243 
2 4 3243 9096 526 9154 
2 4 9154 9166 9097 9018 
2 4 9018 8977 4428 8721 
1 3 9166 9181 1464 
1 3 8977 3557 9078 
1 5 8872 4356 8682 8603 8514 
2 4 8721 820 8578 8577 
1 3 8577 1221 8514 
1 6 9535 4102 2331 3819 9139 1477 
1 4 9535 9456 9387 9286 
1 5 8704 8764 5449 5068 9008 
1 5 9008 8976 8964 8963 9017 
1 3 1477 9076 9008 
1 3 3817 9017 8942 
1 4 793 9478 46 9447 
1 2 9515 9447 
1 4 9416 9332 1198 9265 
1 2 9265 9172 
1 3 9515 3795 9265 
1 3 9172 2718 379 
1 4 8942 8824 8788 2218 
1 2 379 8942 
1 2 8459 8505 
1 2 1760 8505 
1 3 8505 5061 2218 
1 2 9550 2963 
1 4 2619 903 9302 9163 
1 4 9163 4655 5464 8813 
1 3 9087 9007 379 
2 4 2344 918 8860 8813 
1 5 8813 8751 8674 8630 8591 
1 2 8591 8503 
1 4 8503 8393 8301 8258 
2 3 2344 8823 2218 
2 6 8813 8805 4175 8822 2090 1080 
2 2 1080 1172 
2 4 1172 3430 8523 8441 
2 3 8441 8349 1094 
2 4 1080 2205 9004 9061 
2 7 9061 3695 2746 3867 5413 3102 4442 
2 4 4442 2230 9073 9072 
2 2 2356 9405 
2 2 9405 1900 
2 3 1900 9445 9431 
3 4 9431 9467 4047 94 
3 2 94 2707 
3 3 2707 9329 1407 
3 4 1407 1606 4103 566 
2 3 3695 8913 8846 
2 5 8846 8762 8692 8798 1080 
1 4 8482 1703 8458 8441 
1 4 2988 8300 4509 8482 
1 3 8441 8481 1339 
1 3 9138 4483 8928 
1 2 8928 2090 
1 3 1339 8522 1091 
1 2 1091 3517 
1 3 8846 4497 8975 
1 3 9386 2433 9232 
1 4 9476 9414 9343 9232 
1 3 9232 9137 9061 
1 4 9202 1205 9152 9061 
1 4 3092 9246 2670 9202 
1 4 3517 8288 8208 8100 
1 5 8100 8088 8021 7985 7946 
1 3 9794 9795 9772 
1 3 9772 9734 9752 
1 4 4442 9161 9245 5525 
1 3 4442 9113 1948 
1 4 1948 9330 197 9570 
1 4 9846 525 9634 9570 
1 2 8845 8941 
1 2 8941 8961 
1 2 8961 4442 
1 4 8796 3663 3823 8961 
1 3 8502 2164 3517 
1 3 8502 4425 1022 
1 2 8415 1022 
1 3 8415 4796 8521 
1 3 9284 9187 9219 
1 4 9219 9150 9160 9072 
1 4 225 2188 106 8659 
1 2 8659 2726 
2 6 2726 8866 8974 3579 2234 2356 
2 3 9072 1380 8912 
2 3 8912 8867 5364 
2 4 5364 2977 1707 2726 
1 3 4081 2274 9243 
1 2 9243 9072 
1 4 8891 1737 4747 2726 
1 4 8326 8414 1928 8620 
1 3 8620 8658 2726 
1 3 8391 8286 4364 
1 5 8099 5041 4122 8377 8415 
1 5 2726 2810 8573 8480 8391 
1 4 4813 8949 4450 566 
1 3 8973 9044 566 
1 5 8858 8940 8959 8960 8973 
1 2 9402 9300 
1 2 9300 9201 
1 2 9201 566 
1 2 9270 566 
1 2 9341 4103 
1 4 9645 9559 9453 9402 
1 2 9436 1407 
1 4 9733 9646 9569 94 
1 3 3579 9084 9014 
1 5 2890 2932 10830 10911 5077 
1 5 10821 10829 745 2553 2890 
1 5 3005 11010 10975 10939 2890 
3 2 10796 5077 
3 4 5077 11005 11091 11134 
1 4 10821 4140 10921 11057 
1 3 11057 11200 11299 
1 5 11299 11369 2176 3220 394 
1 2 2651 11299 
1 2 5552 4140 
2 2 432 11555 
2 3 11555 11602 11638 
2 4 432 4417 11234 11134 
1 3 10852 4042 3227 
1 5 10676 3641 5521 10766 3227 
1 3 3264 4089 11021 
1 3 11372 11301 11288 
1 3 11288 11337 4599 
1 3 3264 10961 88 
1 5 88 11059 11125 5252 11124 
1 6 10852 3628 2652 3865 11243 59 
1 3 11124 482 11180 
1 4 11180 1297 11275 59 
1 3 4723 11276 11180 
1 3 59 11410 5132 
1 4 3264 10767 5706 10676 
1 3 1711 11532 11574 
1 4 1711 5144 11625 11624 
1 3 1710 11660 11574 
1 4 11624 3710 11851 11936 
1 3 11936 5567 1710 
1 3 1710 11895 11968 
1 3 11936 11952 11968 
1 5 11936 24 12038 12098 199 
1 2 199 4304 
1 4 4304 12260 5298 12367 
1 3 4304 12242 5566 
1 2 5566 12259 
1 3 12259 5554 2787 
1 3 11968 1360 12129 
1 5 11574 4007 11640 2655 11778 
1 3 2066 11803 11778 
1 4 11778 11852 11923 11984 
1 4 11984 3593 12172 12244 
1 2 12244 1940 
1 3 12367 1960 2241 
1 2 12478 12568 
1 3 12422 12302 2241 
1 3 12568 3987 12703 
1 2 12688 3987 
1 3 5680 2657 5566 
1 4 753 2693 12377 5680 
1 2 753 12258 
1 3 12258 4186 2787 
1 4 2879 12466 12391 1940 
1 5 2879 12558 12582 12648 12689 
1 3 3315 12629 12689 
3 3 12689 12618 2604 
1 3 12703 12647 12618 
3 5 2604 12792 1459 5074 874 
1 3 905 12025 12104 
1 3 12104 5083 12226 
1 3 12081 3602 12104 
1 2 12159 12225 
1 3 12024 12004 12081 
1 4 4720 12158 12095 12036 
1 4 12225 5224 12279 12286 
1 3 12286 799 12226 
1 3 12226 12324 4400 
1 4 12226 12270 3943 12258 
1 2 753 12457 
1 3 2333 12517 12457 
1 4 2333 12697 1372 12664 
1 2 12664 2144 
1 4 12688 12763 12821 874 
1 4 2144 2203 12846 12916 
3 3 874 12869 12916 
3 3 12916 12948 12985 
3 2 12985 5336 
3 2 5336 13085 
3 2 13085 13126 
3 3 13126 13148 13180 
3 3 13180 13204 13213 
3 2 13213 13279 
1 4 13180 183 13121 13084 
1 4 13148 13109 13074 3186 
1 5 5336 2518 13063 2013 13003 
1 2 13063 13085 
1 4 12853 1802 12930 12985 
1 3 12994 1019 12985 
1 2 12465 4952 
1 4 4952 12456 12493 2884 
1 3 12321 12385 2884 
1 3 12333 4904 12321 
1 7 2884 12616 260 12695 12741 3754 4995 
1 5 12719 4266 12806 12857 4995 
1 7 2333 12696 12724 862 12751 812 12719 
1 3 12979 752 12825 
1 6 12825 12879 5355 13012 3275 155 
1 5 4995 4477 13002 13041 155 
1 6 3260 3792 13330 2756 13245 3166 
1 4 12333 12398 12453 12524 
1 5 12825 12672 12615 1484 12524 
1 6 12671 12627 12614 12626 12565 12506 
1 7 12506 12426 3494 3678 2481 12150 12117 
1 5 12506 670 12411 2423 12293 
1 3 12506 3717 2302 
1 6 12566 12556 1469 4378 1032 12671 
1 9 12566 12577 755 252 12300 12232 12198 12170 12109 
1 6 12317 1520 12247 3536 12157 12094 
3 6 3835 4528 12115 12055 1775 11859 
3 3 11741 3185 11571 
1 4 11741 11816 605 12023 
3 3 11741 11786 11859 
1 3 12023 12092 12115 
1 3 2334 11891 11979 
1 5 11979 12063 429 12177 1740 
1 4 11773 11874 2909 12074 
3 9 2869 1742 11418 11367 11368 11298 961 1275 3476 
3 2 2793 10594 
3 2 2793 7123 
3 2 2793 4342 
3 2 2793 7855 
3 2 248 10594 
3 2 248 7855 
3 2 8053 7855 
3 2 8053 4342 
3 2 11078 4342 
3 2 11078 7123 
3 2 10929 7123 
3 2 10929 10594 
3 2 248 8053 
3 2 8053 11078 
3 2 11078 10929 
3 2 10929 248 
2 7 11043 1327 35 1000 10890 1895 3476 
2 6 3476 3419 11231 11199 11156 11043 
3 2 10929 3476 
3 2 8053 11043 
3 5 11043 3438 11070 11110 1340 
3 2 1340 11071 
3 9 11071 289 10949 10950 10964 10882 10800 5552 10641 
1 4 11365 2588 4204 2869 
3 7 1340 11188 11242 5079 11396 4682 11479 
2 3 2651 11342 4682 
3 7 1895 1207 1084 10875 10889 10867 10764 
3 2 1895 10929 
1 4 12416 12444 12450 12554 
1 5 12554 12514 2410 12476 2724 
5 2 2797 3835 
1 3 4094 12229 12166 
1 4 12166 5415 12142 12074 
1 5 5461 3527 2495 34 11416 
1 4 11416 2948 11528 11581 
1 5 11581 11500 11447 2743 2682 
1 5 5461 3797 11362 11321 4345 
1 5 4345 11152 11227 4243 1907 
1 8 1907 1108 4697 4815 5264 10820 10753 10670 
1 6 10670 5549 4604 5536 10708 10764 
1 5 10764 771 10909 10841 10908 
1 5 10908 10972 10948 11008 4815 
1 4 10851 171 2059 602 
1 6 10851 10773 10718 1919 10543 3571 
1 8 10851 4789 10850 2766 10825 12 10927 10888 
1 5 3031 10589 10657 10694 2766 
1 7 10888 1653 10818 2277 4010 10824 10772 
1 3 981 10256 10319 
1 5 4809 4935 10004 5334 9828 
2 5 9828 9939 3988 849 10257 
1 10 10257 560 4421 10209 10219 10178 10138 10187 10165 981 
1 7 9828 9761 9760 9759 9758 3675 9606 
1 5 10319 10270 10202 10164 10030 
1 5 10552 10562 10570 10577 254 
1 4 254 3355 10403 4893 
1 4 11238 11320 11406 11491 
1 5 11238 81 3475 11379 2602 
1 5 11491 1898 11648 11632 314 
1 4 2602 4714 11600 314 
1 3 314 5215 11814 
1 5 11973 12034 12114 1657 12277 
2 4 1350 1844 786 12277 
2 2 1350 12371 
2 2 3559 1844 
2 8 12277 2309 4037 12297 1200 12266 824 12237 
2 3 12237 1228 12349 
1 4 2309 1189 12408 12474 
1 6 1200 12337 12407 3314 5541 12651 
1 6 3149 12620 12560 12612 12674 12709 
1 4 12709 2507 5612 5280 
2 2 1482 4168 
1 5 5062 12783 12839 12840 1482 
1 4 12989 12943 12910 4882 
1 5 12265 2464 4070 12424 12459 
2 4 1200 5608 12165 5407 
2 6 5407 11991 11916 11846 11813 5698 
2 5 11814 2775 11740 11647 5698 
2 3 3559 12013 11973 
2 3 11814 4379 11973 
1 4 12237 12164 2931 4250 
1 4 4250 3423 11899 11831 
1 2 11831 11757 
1 11 11846 11832 11794 11757 4467 11631 443 2469 1067 11285 4754 
1 6 10552 10637 5516 10752 167 10926 
1 5 10926 1082 11017 1126 3974 
1 4 11017 11098 11186 4754 
1 2 11186 11285 
1 5 2602 11361 11295 11252 3974 
1 2 12091 12010 
1 5 12010 11942 11870 11784 11701 
1 4 11491 11552 11520 5461 
3 7 13017 12995 3688 12892 1494 12781 12731 
3 8 12859 1719 3752 12732 4454 2887 12543 3049 
3 2 12859 3688 
3 5 12731 528 12593 12584 4749 
3 6 4749 12448 5468 600 4024 4387 
3 4 4387 5320 12072 12032 
3 6 12032 5692 11975 11976 11906 11756 
3 5 3049 12471 5162 12276 12234 
3 8 12234 4193 315 5538 11972 11907 3938 11756 
1 5 12732 12776 2702 12838 1090 
1 8 1090 12885 12918 12924 191 2208 12874 12875 
1 3 12875 564 12759 
1 3 12593 12569 12559 
1 3 11906 3851 12162 
3 6 11756 11685 11592 401 2407 11489 
3 2 11401 11489 
3 2 11489 3685 
3 6 3685 11258 11161 11088 11007 3580 
3 3 3580 10807 10692 
3 7 10692 10613 10601 4462 1366 10466 5393 
2 5 620 10942 10863 1774 10771 
2 5 5393 10506 1594 4588 10771 
2 5 10771 10783 10864 10943 4119 
2 4 4119 1128 11001 3864 
1 5 3864 11119 11097 11108 11186 
1 5 3864 4990 3812 4486 708 
1 5 540 1576 3175 11405 708 
1 4 708 11350 2198 11284 
1 7 11284 18 11294 11341 1351 1307 11550 
1 5 11294 11225 4764 1854 3580 
1 3 11701 11630 540 
1 14 2807 5614 8647 2973 4097 140 4618 8193 8115 8052 5243 1706 7837 7777 
1 5 10036 10064 10150 4357 2907 
1 6 2907 10293 10284 3965 10151 2267 
2 4 10319 10395 3418 10489 
2 7 10489 5219 3916 3591 10794 10865 4119 
1 7 3965 3434 10339 5042 10394 3561 10489 
1 4 10692 648 2024 1216 
1 7 582 12970 2829 4312 13061 2476 13120 
1 2 13213 1958 
1 3 13385 13413 300 
1 2 13385 4441 
1 2 4441 13490 
1 2 4465 3875 
1 5 6797 5241 6920 2689 7072 
1 4 4434 6825 6884 2689 
1 5 6797 6735 2012 6614 6554 
1 5 4434 5670 6571 489 6413 
1 5 6554 892 2933 6372 6384 
1 5 7072 7158 7223 7203 7195 
1 7 7158 7196 4731 453 7044 5306 6928 
1 3 1098 6120 6127 
2 7 3088 6183 6127 6073 6045 6013 5988 
2 4 3088 32 6205 6160 
1 4 5799 5773 5725 5707 
1 5 5707 5721 5708 5716 5740 
1 4 5799 5836 3018 4444 
1 5 5799 5760 5741 5727 5755 
1 3 5755 5728 5718 
1 7 5718 5743 4598 5726 5539 5729 4190 
1 6 4190 747 5775 1501 5852 5816 
1 5 4598 5774 5807 5837 5876 
1 3 1501 5863 5893 
1 3 5893 5958 5985 
1 3 5816 5781 5778 
1 4 5778 5809 4717 5810 
1 4 5810 5030 2247 5934 
1 2 5934 5970 
1 3 5970 5929 5900 
1 9 5900 5881 5901 5572 6012 5225 5987 6023 5988 
1 3 5934 5952 161 
5 2 6200 6150 
5 2 6150 1465 
5 2 1465 6171 
5 2 6171 6200 
1 4 5749 3399 5714 5732 
1 2 4648 8790 
3 6 1638 3229 9223 4711 2644 8902 
3 5 8902 8832 8770 8683 4842 
2 9 4842 776 2892 8460 561 3923 2952 8172 1916 
2 3 1916 4715 8044 
2 4 8044 1107 7921 7870 
2 4 7870 7851 4548 7713 
2 4 7713 7638 5000 7637 
2 5 7637 7636 7635 7691 1290 
2 4 1290 7650 2556 1651 
1 3 3065 1871 8932 
1 4 5790 5779 5767 5733 
1 3 8460 8420 8331 
1 5 8331 8222 8150 1499 8101 
1 3 8101 8138 3722 
2 6 8577 3791 2656 8303 616 8044 
1 6 8044 5384 8066 4973 328 8014 
1 4 8014 8078 8013 1497 
1 4 1497 7830 4000 7636 
1 3 1651 7538 7566 
1 5 7566 7513 7448 3245 1118 
1 3 1118 7394 7474 
1 5 7474 17 5685 7440 4936 
1 4 1651 7700 5409 1705 
1 6 4000 7804 7783 7744 7731 7700 
1 4 1705 7712 3831 3432 
1 7 7606 4282 7634 7627 7659 7649 7648 
1 8 3432 4451 7475 7537 3514 4413 7556 7606 
1 5 1107 5103 3374 7629 7575 
1 4 4711 4245 9140 125 
1 3 7371 7230 7185 
1 10 7230 7216 1734 7142 7024 5066 6833 4301 6691 78 
1 4 6691 2610 5655 456 
1 5 2620 4274 7174 7205 1734 
2 2 10618 10479 
2 2 11372 11373 
1 2 10677 10697 
