1 25 
1 59 
1 78 
1 94 
1 101 
1 125 
1 155 
1 161 
1 199 
1 225 
1 248 
1 254 
1 286 
1 293 
1 300 
1 314 
1 394 
1 432 
1 456 
1 538 
1 540 
1 556 
1 566 
1 602 
1 620 
1 743 
1 753 
1 793 
1 797 
1 874 
1 905 
1 925 
1 981 
1 1080 
1 1090 
1 1091 
1 1094 
1 1098 
1 1118 
1 1216 
1 1236 
1 1340 
1 1407 
1 1464 
1 1465 
1 1471 
1 1477 
1 1482 
1 1497 
1 1501 
1 1530 
1 1542 
1 1638 
1 1651 
1 1705 
1 1710 
1 1711 
1 1740 
1 1768 
1 1843 
1 1900 
1 1907 
1 1948 
1 2029 
1 2066 
1 2108 
1 2157 
1 2218 
1 2264 
1 2267 
1 2309 
1 2333 
1 2334 
1 2344 
1 2356 
1 2361 
1 2498 
1 2528 
1 2590 
1 2601 
1 2602 
1 2619 
1 2620 
1 2651 
1 2682 
1 2726 
1 2727 
1 2787 
1 2793 
1 2797 
1 2807 
1 2869 
1 2879 
1 2884 
1 2890 
1 2895 
1 2907 
1 2908 
1 2963 
1 2970 
1 2988 
1 3005 
1 3031 
1 3049 
1 3065 
1 3081 
1 3088 
1 3092 
1 3149 
1 3166 
1 3201 
1 3227 
1 3243 
1 3260 
1 3264 
1 3276 
1 3345 
1 3432 
1 3444 
1 3549 
1 3559 
1 3571 
1 3580 
1 3601 
1 3603 
1 3607 
1 3685 
1 3695 
1 3722 
1 3729 
1 3787 
1 3806 
1 3817 
1 3835 
1 3838 
1 3844 
1 3864 
1 3974 
1 3986 
1 3990 
1 4000 
1 4044 
1 4081 
1 4094 
1 4103 
1 4119 
1 4190 
1 4250 
1 4286 
1 4292 
1 4304 
1 4342 
1 4345 
1 4364 
1 4387 
1 4400 
1 4434 
1 4441 
1 4442 
1 4444 
1 4465 
1 4515 
1 4558 
1 4574 
1 4599 
1 4648 
1 4682 
1 4749 
1 4754 
1 4808 
1 4809 
1 4813 
1 4842 
1 4893 
1 4936 
1 4952 
1 4995 
1 5016 
1 5036 
1 5062 
1 5077 
1 5132 
1 5155 
1 5280 
1 5318 
1 5336 
1 5393 
1 5398 
1 5407 
1 5453 
1 5461 
1 5492 
1 5514 
1 5525 
1 5552 
1 5566 
1 5655 
1 5660 
1 5673 
1 5698 
1 5699 
1 5707 
1 5718 
1 5731 
1 5732 
1 5740 
1 5749 
1 5750 
1 5755 
1 5757 
1 5779 
1 5790 
1 5795 
1 5799 
1 5816 
1 5829 
1 5856 
1 5876 
1 5893 
1 5900 
1 5915 
1 5934 
1 5970 
1 5985 
1 5988 
1 6150 
1 6160 
1 6168 
1 6171 
1 6183 
1 6200 
1 6384 
1 6413 
1 6483 
1 6512 
1 6554 
1 6797 
1 6922 
1 6928 
1 7000 
1 7072 
1 7123 
1 7128 
1 7185 
1 7195 
1 7371 
1 7427 
1 7475 
1 7516 
1 7575 
1 7606 
1 7639 
1 7648 
1 7713 
1 7777 
1 7815 
1 7853 
1 7855 
1 7873 
1 7882 
1 7946 
1 8044 
1 8053 
1 8099 
1 8100 
1 8101 
1 8226 
1 8258 
1 8326 
1 8331 
1 8415 
1 8441 
1 8461 
1 8484 
1 8503 
1 8505 
1 8539 
1 8560 
1 8577 
1 8620 
1 8704 
1 8721 
1 8754 
1 8796 
1 8813 
1 8845 
1 8846 
1 8858 
1 8872 
1 8874 
1 8891 
1 8902 
1 8932 
1 8942 
1 8961 
1 9008 
1 9014 
1 9018 
1 9047 
1 9061 
1 9072 
1 9078 
1 9087 
1 9125 
1 9138 
1 9154 
1 9163 
1 9167 
1 9172 
1 9232 
1 9265 
1 9266 
1 9286 
1 9347 
1 9402 
1 9419 
1 9431 
1 9447 
1 9476 
1 9501 
1 9515 
1 9535 
1 9550 
1 9570 
1 9606 
1 9622 
1 9645 
1 9724 
1 9733 
1 9752 
1 9770 
1 9772 
1 9794 
1 9805 
1 9828 
1 9846 
1 9849 
1 9869 
1 9978 
1 10036 
1 10038 
1 10100 
1 10133 
1 10144 
1 10257 
1 10315 
1 10319 
1 10370 
1 10419 
1 10435 
1 10489 
1 10552 
1 10594 
1 10618 
1 10641 
1 10670 
1 10677 
1 10692 
1 10696 
1 10764 
1 10771 
1 10772 
1 10796 
1 10821 
1 10851 
1 10888 
1 10896 
1 10908 
1 10926 
1 10929 
1 11021 
1 11025 
1 11035 
1 11078 
1 11134 
1 11180 
1 11186 
1 11238 
1 11284 
1 11285 
1 11299 
1 11338 
1 11365 
1 11372 
1 11373 
1 11385 
1 11401 
1 11416 
1 11442 
1 11491 
1 11550 
1 11568 
1 11581 
1 11590 
1 11638 
1 11701 
1 11727 
1 11741 
1 11747 
1 11754 
1 11756 
1 11773 
1 11776 
1 11778 
1 11815 
1 11831 
1 11835 
1 11859 
1 11864 
1 11883 
1 11906 
1 11925 
1 11936 
1 11968 
1 11973 
1 11984 
1 12010 
1 12032 
1 12036 
1 12062 
1 12074 
1 12089 
1 12094 
1 12109 
1 12117 
1 12120 
1 12129 
1 12162 
1 12170 
1 12225 
1 12226 
1 12234 
1 12237 
1 12244 
1 12265 
1 12277 
1 12293 
1 12317 
1 12333 
1 12371 
1 12406 
1 12422 
1 12457 
1 12459 
1 12465 
1 12474 
1 12506 
1 12524 
1 12559 
1 12566 
1 12568 
1 12664 
1 12671 
1 12688 
1 12689 
1 12690 
1 12694 
1 12709 
1 12719 
1 12731 
1 12814 
1 12825 
1 12859 
1 12875 
1 12979 
1 12983 
1 12985 
1 12989 
1 13017 
1 13066 
1 13126 
1 13130 
1 13180 
1 13205 
1 13213 
1 13226 
1 13240 
1 13255 
1 13257 
1 13279 
1 13305 
1 13418 
1 13438 
1 13463 
1 13510 
1 13573 
1 13593 
1 13631 
1 13643 
1 13670 
1 13749 
1 13771 
1 13798 
1 13905 
1 13963 
1 14187 
