
state={
	id=1
	name="STATE_1"

	history={
		owner = TST
		add_core_of = TST

	}

	provinces={
		6 7 10 20 22 26 28 36 49 50 51 53 55 58 63 64 68 71 75 82 83 85 86 98 114 116 121 129 132 133 145 149 150 158 164 165 182 185 188 200 209 212 224 227 229 230 231 233 247 248 249 256 258 266 272 277 283 285 287 293 296 301 304 308 309 316 318 325 329 331 336 337 338 339 346 348 351 354 365 380 382 396 399 403 412 413 415 417 422 427 437 444 445 446 455 464 472 483 488 495 498 500 512 514 519 522 524 532 533 546 547 549 556 557 568 572 573 576 580 591 598 599 604 608 614 617 621 623 630 632 637 644 647 652 659 661 663 679 681 682 684 690 691 692 697 702 703 713 723 727 732 733 756 770 780 784 792 797 801 809 816 834 835 844 847 851 852 855 859 861 865 871 872 878 881 882 887 890 894 896 897 899 907 908 911 923 924 931 937 940 942 950 953 970 976 986 987 988 993 995 996 1001 1002 1006 1008 1009 1014 1021 1023 1027 1028 1034 1037 1042 1046 1048 1053 1058 1060 1075 1078 1086 1088 1095 1099 1100 1102 1110 1111 1114 1121 1134 1141 1142 1147 1149 1150 1153 1154 1161 1166 1171 1174 1182 1183 1185 1190 1191 1193 1194 1204 1206 1208 1210 1212 1218 1222 1227 1229 1232 1249 1252 1267 1282 1288 1293 1295 1306 1308 1310 1324 1325 1335 1336 1342 1346 1347 1357 1361 1365 1379 1381 1382 1383 1385 1389 1395 1397 1410 1416 1427 1429 1431 1432 1436 1447 1458 1460 1470 1478 1479 1481 1486 1491 1493 1495 1496 1500 1504 1510 1513 1518 1533 1544 1553 1565 1571 1590 1604 1613 1616 1622 1624 1625 1626 1634 1639 1643 1655 1656 1659 1664 1670 1680 1682 1692 1699 1706 1708 1714 1724 1726 1741 1743 1746 1747 1749 1750 1765 1766 1767 1770 1773 1778 1780 1793 1795 1799 1800 1820 1821 1822 1825 1830 1832 1833 1835 1851 1857 1872 1873 1892 1903 1904 1905 1917 1922 1923 1924 1927 1929 1931 1932 1935 1937 1947 1951 1952 1962 1967 1972 1976 1982 1983 1986 1993 1994 1996 1999 2005 2007 2014 2020 2022 2040 2044 2047 2049 2071 2073 2081 2082 2087 2097 2101 2104 2117 2121 2123 2147 2151 2160 2161 2167 2168 2179 2184 2187 2193 2194 2197 2212 2215 2216 2217 2221 2224 2225 2229 2239 2248 2260 2261 2263 2268 2270 2276 2282 2283 2285 2286 2289 2294 2295 2298 2299 2301 2304 2310 2311 2317 2328 2335 2336 2337 2347 2348 2349 2350 2353 2357 2362 2363 2368 2370 2374 2379 2382 2383 2388 2389 2395 2401 2402 2408 2416 2425 2430 2434 2436 2437 2447 2456 2458 2465 2474 2475 2479 2484 2485 2486 2492 2494 2496 2505 2510 2520 2546 2548 2554 2558 2567 2569 2577 2582 2585 2586 2612 2621 2624 2632 2639 2642 2643 2649 2654 2659 2663 2669 2679 2684 2686 2692 2698 2703 2706 2710 2712 2720 2722 2728 2732 2735 2738 2739 2742 2754 2757 2760 2761 2762 2763 2764 2765 2768 2769 2770 2774 2780 2781 2784 2791 2794 2806 2808 2809 2817 2823 2827 2838 2840 2849 2853 2857 2862 2864 2865 2872 2876 2882 2897 2900 2901 2904 2911 2919 2923 2937 2938 2939 2942 2944 2951 2958 2966 2969 2975 2979 2982 2989 2996 2997 3006 3011 3013 3020 3036 3037 3044 3046 3047 3052 3067 3070 3071 3083 3087 3090 3098 3104 3107 3115 3117 3119 3121 3126 3131 3133 3134 3138 3158 3159 3161 3182 3183 3187 3191 3198 3199 3203 3208 3209 3210 3215 3234 3259 3261 3269 3272 3279 3283 3286 3289 3292 3293 3294 3298 3299 3318 3322 3329 3330 3337 3340 3341 3342 3347 3352 3354 3356 3359 3362 3366 3372 3373 3378 3386 3402 3403 3405 3406 3413 3414 3429 3431 3435 3442 3468 3471 3472 3478 3479 3482 3484 3485 3487 3489 3490 3495 3496 3509 3515 3516 3518 3520 3528 3531 3534 3542 3553 3556 3560 3562 3572 3583 3598 3604 3610 3614 3616 3621 3639 3643 3649 3653 3659 3664 3677 3680 3683 3696 3697 3714 3727 3729 3738 3739 3740 3747 3749 3757 3759 3761 3768 3772 3776 3780 3782 3785 3788 3794 3796 3799 3816 3818 3836 3839 3841 3842 3850 3856 3858 3863 3878 3884 3894 3895 3898 3912 3914 3928 3931 3933 3935 3936 3944 3948 3952 3954 3956 3959 3960 3966 3975 3976 3981 3985 3995 4012 4034 4050 4053 4058 4059 4063 4064 4067 4068 4071 4078 4080 4107 4109 4114 4117 4123 4132 4138 4154 4162 4166 4172 4173 4183 4191 4194 4196 4199 4205 4207 4209 4211 4216 4223 4227 4238 4240 4244 4247 4249 4251 4253 4256 4259 4264 4268 4271 4293 4294 4295 4298 4302 4310 4314 4316 4318 4323 4324 4329 4331 4332 4335 4339 4342 4344 4350 4354 4355 4358 4361 4362 4367 4370 4372 4376 4377 4386 4388 4389 4390 4391 4393 4395 4398 4402 4405 4414 4415 4422 4424 4430 4432 4437 4438 4439 4447 4456 4461 4463 4464 4470 4478 4491 4494 4495 4505 4506 4508 4513 4515 4519 4529 4534 4536 4537 4544 4545 4547 4551 4553 4557 4559 4561 4562 4564 4565 4573 4580 4581 4584 4585 4591 4597 4605 4608 4613 4620 4622 4628 4631 4635 4644 4645 4646 4665 4675 4679 4683 4691 4692 4696 4698 4702 4703 4704 4709 4719 4727 4742 4744 4746 4757 4766 4768 4770 4776 4784 4790 4812 4821 4822 4833 4836 4840 4845 4848 4854 4858 4859 4860 4868 4870 4872 4874 4875 4877 4878 4889 4897 4901 4906 4907 4909 4911 4913 4922 4923 4924 4933 4937 4939 4942 4962 4963 4976 4978 4979 4981 4987 4993 5007 5010 5012 5015 5018 5021 5023 5032 5033 5036 5043 5051 5055 5063 5069 5071 5087 5090 5093 5098 5104 5107 5108 5110 5114 5115 5124 5127 5128 5136 5140 5145 5149 5151 5152 5157 5163 5164 5173 5174 5176 5179 5189 5192 5197 5202 5204 5205 5206 5212 5217 5222 5227 5230 5231 5233 5243 5245 5249 5274 5287 5300 5312 5317 5321 5327 5333 5335 5337 5341 5353 5354 5359 5372 5374 5375 5377 5382 5383 5394 5395 5400 5402 5408 5417 5422 5423 5424 5434 5435 5446 5448 5452 5458 5470 5475 5478 5484 5486 5490 5493 5523 5527 5528 5533 5545 5547 5551 5557 5563 5569 5580 5585 5595 5597 5599 5607 5616 5621 5622 5624 5627 5633 5634 5637 5643 5647 5653 5654 5659 5661 5665 5668 5671 5672 5673 5677 5682 5683 5684 5687 5693 5697 5700 5701 5709 5712 5722 5723 5724 5730 5734 5742 5745 5746 5747 5752 5753 5762 5763 5768 5769 5770 5776 5782 5783 5784 5785 5791 5792 5804 5805 5806 5812 5819 5820 5824 5825 5826 5834 5835 5838 5839 5845 5857 5860 5861 5862 5864 5866 5871 5872 5883 5886 5887 5888 5890 5891 5895 5897 5904 5905 5910 5911 5916 5918 5919 5925 5930 5938 5939 5942 5946 5948 5960 5961 5964 5965 5972 5978 5979 5982 5989 5990 5995 5996 5997 6014 6016 6017 6018 6024 6025 6026 6040 6042 6046 6049 6054 6061 6062 6068 6069 6074 6075 6076 6077 6082 6086 6087 6088 6089 6091 6097 6098 6103 6104 6105 6107 6108 6109 6113 6114 6115 6116 6117 6122 6128 6139 6140 6141 6146 6148 6153 6154 6161 6162 6163 6175 6176 6185 6186 6195 6197 6198 6203 6204 6206 6209 6216 6217 6225 6226 6230 6234 6242 6243 6245 6246 6247 6254 6256 6263 6264 6273 6276 6283 6288 6289 6294 6300 6301 6306 6307 6317 6321 6330 6331 6340 6347 6348 6350 6354 6355 6356 6357 6361 6362 6363 6374 6375 6387 6388 6397 6398 6404 6405 6409 6415 6422 6423 6424 6430 6431 6432 6433 6446 6447 6448 6449 6457 6458 6464 6465 6466 6473 6480 6481 6484 6485 6494 6495 6504 6513 6514 6515 6516 6517 6524 6525 6526 6527 6532 6533 6542 6543 6544 6545 6556 6557 6563 6564 6572 6573 6574 6579 6580 6590 6591 6597 6598 6599 6600 6601 6611 6612 6613 6615 6616 6623 6629 6633 6634 6635 6649 6650 6660 6661 6662 6679 6680 6682 6687 6688 6689 6692 6693 6694 6695 6703 6714 6715 6717 6718 6722 6729 6730 6737 6738 6739 6740 6747 6748 6750 6751 6756 6757 6758 6759 6760 6767 6769 6770 6775 6784 6786 6787 6788 6792 6793 6798 6799 6804 6805 6806 6807 6814 6815 6816 6817 6818 6819 6820 6826 6827 6838 6839 6840 6841 6842 6843 6844 6850 6851 6852 6858 6861 6862 6872 6873 6874 6875 6876 6877 6885 6886 6887 6890 6891 6898 6899 6900 6901 6910 6911 6912 6913 6914 6924 6929 6931 6932 6939 6940 6941 6950 6951 6952 6953 6954 6965 6966 6967 6972 6973 6974 6983 6990 6994 6996 7003 7004 7005 7006 7015 7016 7027 7028 7029 7038 7039 7040 7046 7049 7050 7051 7052 7056 7058 7059 7063 7064 7065 7066 7075 7077 7078 7079 7084 7085 7095 7096 7097 7108 7109 7111 7112 7119 7122 7123 7129 7130 7131 7132 7133 7134 7143 7144 7145 7146 7147 7152 7153 7155 7159 7162 7163 7179 7180 7187 7197 7198 7199 7200 7206 7208 7209 7210 7217 7218 7220 7225 7226 7231 7233 7234 7244 7245 7254 7255 7264 7265 7266 7274 7279 7280 7281 7283 7284 7289 7290 7291 7297 7299 7300 7301 7309 7310 7311 7323 7325 7326 7335 7336 7337 7344 7347 7348 7349 7365 7366 7372 7373 7374 7375 7377 7378 7379 7380 7381 7386 7387 7399 7402 7403 7406 7411 7416 7417 7428 7429 7430 7435 7436 7437 7441 7442 7443 7444 7451 7452 7455 7458 7459 7460 7468 7469 7470 7486 7487 7488 7495 7496 7502 7503 7507 7508 7509 7517 7521 7522 7523 7528 7529 7530 7531 7532 7533 7542 7543 7544 7548 7553 7554 7560 7561 7562 7563 7564 7568 7569 7570 7571 7572 7579 7589 7590 7592 7602 7603 7604 7610 7611 7612 7616 7617 7618 7619 7623 7624 7632 7633 7641 7642 7653 7654 7655 7662 7663 7664 7665 7666 7667 7668 7669 7677 7678 7679 7680 7682 7683 7684 7685 7693 7694 7695 7706 7707 7719 7720 7721 7722 7727 7728 7729 7735 7736 7738 7739 7746 7748 7749 7758 7760 7762 7765 7771 7772 7776 7777 7778 7786 7788 7798 7800 7806 7807 7808 7809 7818 7820 7821 7832 7833 7837 7838 7846 7847 7864 7874 7875 7876 7883 7884 7885 7886 7888 7894 7895 7896 7899 7900 7910 7914 7915 7916 7917 7922 7923 7924 7925 7926 7932 7940 7941 7943 7944 7952 7953 7955 7960 7961 7968 7969 7971 7978 7979 7981 7988 7989 7990 7991 7995 7996 7997 7998 8001 8016 8017 8024 8025 8027 8034 8035 8037 8038 8039 8046 8048 8051 8052 8060 8061 8063 8064 8069 8072 8073 8080 8081 8084 8093 8094 8095 8103 8104 8109 8110 8111 8114 8126 8127 8128 8129 8130 8141 8144 8153 8155 8156 8157 8160 8161 8163 8174 8175 8176 8177 8181 8182 8183 8192 8202 8203 8216 8217 8228 8230 8231 8232 8241 8243 8244 8245 8250 8251 8252 8253 8271 8272 8273 8274 8293 8308 8319 8320 8332 8333 8334 8335 8344 8354 8359 8360 8371 8372 8373 8379 8380 8381 8382 8394 8395 8396 8397 8404 8407 8408 8409 8410 8411 8423 8424 8426 8433 8434 8435 8436 8452 8453 8462 8463 8464 8466 8467 8471 8472 8473 8474 8487 8489 8490 8491 8492 8497 8498 8499 8500 8510 8511 8528 8529 8532 8533 8540 8541 8548 8550 8552 8553 8561 8562 8563 8565 8580 8581 8582 8583 8584 8585 8595 8597 8598 8599 8600 8606 8607 8622 8623 8625 8626 8631 8632 8633 8634 8635 8644 8645 8646 8654 8665 8666 8669 8670 8671 8679 8685 8687 8688 8689 8695 8696 8697 8706 8707 8708 8709 8710 8712 8713 8724 8731 8732 8733 8735 8737 8738 8739 8746 8747 8748 8749 8750 8755 8756 8758 8759 8767 8773 8774 8775 8777 8778 8779 8780 8781 8782 8783 8784 8792 8793 8801 8802 8808 8809 8810 8815 8816 8818 8819 8820 8826 8827 8828 8829 8835 8836 8837 8838 8849 8850 8851 8852 8853 8854 8855 8856 8861 8863 8864 8875 8876 8884 8885 8886 8887 8893 8894 8895 8903 8904 8906 8907 8908 8910 8918 8919 8921 8933 8934 8936 8937 8944 8945 8946 8948 8954 8955 8956 8957 8967 8968 8969 8979 8980 8981 8983 8984 8986 8987 8989 8996 8997 8998 8999 9010 9011 9020 9021 9022 9023 9026 9027 9028 9031 9032 9039 9041 9049 9050 9051 9054 9055 9056 9066 9067 9068 9069 9080 9091 9092 9093 9099 9100 9101 9103 9104 9111 9115 9116 9117 9118 9119 9120 9121 9126 9127 9129 9130 9131 9132 9141 9142 9143 9144 9145 9157 9158 9159 9168 9169 9175 9176 9177 9178 9182 9183 9184 9185 9186 9192 9193 9194 9195 9196 9197 9198 9199 9205 9206 9207 9208 9209 9210 9211 9212 9213 9224 9225 9226 9235 9236 9237 9238 9239 9249 9253 9254 9255 9256 9257 9258 9259 9267 9268 9269 9274 9275 9276 9277 9278 9279 9280 9281 9282 9283 9289 9290 9291 9292 9293 9294 9295 9296 9308 9309 9310 9322 9323 9324 9325 9326 9327 9328 9334 9335 9336 9337 9338 9348 9349 9356 9357 9358 9359 9360 9361 9362 9363 9371 9372 9373 9375 9376 9380 9381 9382 9383 9390 9391 9392 9393 9394 9395 9409 9410 9420 9421 9422 9423 9426 9427 9428 9432 9433 9434 9439 9440 9441 9442 9443 9444 9450 9459 9460 9461 9462 9472 9473 9479 9480 9481 9482 9483 9488 9489 9490 9491 9492 9493 9494 9502 9503 9504 9505 9506 9507 9508 9519 9520 9523 9524 9525 9526 9527 9528 9538 9539 9540 9541 9553 9554 9555 9556 9557 9563 9564 9565 9566 9574 9576 9577 9578 9579 9580 9585 9586 9587 9588 9589 9593 9594 9595 9601 9602 9603 9604 9615 9616 9617 9618 9623 9625 9627 9628 9639 9640 9650 9651 9652 9653 9654 9657 9659 9668 9669 9670 9671 9672 9673 9674 9680 9681 9691 9692 9693 9694 9703 9704 9712 9713 9714 9715 9725 9726 9727 9728 9729 9730 9731 9737 9738 9739 9741 9746 9749 9755 9756 9757 9767 9768 9769 9777 9778 9782 9785 9786 9787 9788 9789 9790 9797 9798 9799 9800 9807 9808 9812 9813 9824 9825 9836 9841 9842 9843 9850 9852 9858 9859 9861 9862 9863 9864 9870 9872 9879 9881 9896 9897 9903 9904 9905 9908 9909 9910 9919 9921 9922 9923 9924 9925 9931 9932 9933 9934 9935 9936 9946 9947 9955 9956 9957 9958 9964 9965 9966 9967 9968 9971 9973 9980 9981 9986 9987 9988 9989 9998 10009 10010 10011 10012 10013 10020 10025 10027 10028 10029 10034 10035 10039 10048 10049 10050 10051 10058 10059 10060 10061 10062 10063 10076 10078 10079 10080 10081 10082 10093 10094 10103 10104 10105 10106 10107 10108 10110 10111 10112 10113 10114 10115 10122 10123 10124 10125 10126 10134 10135 10136 10146 10147 10148 10149 10156 10157 10158 10159 10160 10161 10174 10176 10177 10185 10186 10193 10194 10195 10196 10197 10198 10199 10200 10205 10206 10213 10214 10215 10216 10217 10218 10227 10228 10229 10234 10235 10240 10248 10250 10251 10254 10255 10262 10263 10264 10265 10266 10267 10273 10274 10283 10288 10289 10290 10291 10300 10301 10303 10304 10305 10316 10317 10318 10322 10323 10324 10325 10326 10333 10334 10335 10336 10337 10348 10349 10350 10351 10357 10363 10366 10367 10368 10381 10382 10383 10384 10385 10386 10390 10392 10398 10399 10401 10402 10408 10409 10410 10411 10412 10413 10422 10423 10424 10425 10426 10436 10437 10444 10445 10446 10454 10464 10465 10474 10475 10481 10482 10484 10485 10486 10487 10488 10502 10503 10504 10505 10514 10517 10518 10519 10527 10529 10537 10538 10547 10548 10550 10556 10558 10559 10560 10569 10572 10573 10574 10585 10586 10587 10588 10598 10599 10600 10609 10610 10611 10612 10620 10621 10624 10625 10626 10635 10643 10644 10649 10650 10651 10652 10661 10662 10663 10664 10665 10667 10679 10680 10681 10688 10689 10690 10691 10698 10699 10700 10701 10702 10703 10704 10712 10713 10714 10715 10716 10719 10720 10721 10727 10728 10729 10730 10731 10735 10736 10737 10738 10747 10748 10749 10750 10760 10761 10768 10769 10770 10777 10778 10779 10780 10781 10789 10790 10791 10792 10793 10798 10799 10803 10804 10805 10806 10814 10815 10816 10822 10823 10832 10833 10835 10836 10845 10846 10848 10854 10855 10856 10857 10859 10860 10861 10862 10871 10877 10878 10879 10880 10885 10886 10897 10898 10899 10900 10901 10902 10912 10913 10914 10915 10916 10917 10918 10919 10924 10925 10931 10932 10934 10940 10941 10952 10953 10954 10955 10956 10963 10968 10969 10970 10979 10980 10983 10984 10985 10986 10987 10993 10994 10995 10996 10998 10999 11000 11014 11023 11024 11025 11026 11036 11037 11038 11040 11046 11047 11048 11049 11050 11061 11062 11063 11074 11082 11083 11084 11085 11087 11093 11094 11095 11105 11106 11114 11115 11116 11117 11127 11128 11129 11130 11136 11138 11139 11146 11147 11148 11149 11150 11159 11160 11170 11171 11172 11173 11174 11184 11185 11189 11190 11191 11192 11205 11206 11207 11208 11218 11219 11220 11221 11222 11223 11236 11245 11247 11248 11249 11257 11266 11267 11268 11269 11279 11280 11281 11282 11283 11289 11290 11291 11292 11293 11302 11303 11304 11305 11306 11315 11316 11317 11326 11327 11328 11329 11330 11339 11340 11344 11345 11346 11347 11355 11356 11375 11376 11377 11378 11386 11387 11388 11399 11400 11401 11414 11415 11423 11424 11425 11428 11429 11430 11435 11436 11437 11438 11443 11444 11445 11457 11459 11460 11461 11462 11463 11470 11471 11472 11473 11483 11484 11485 11486 11487 11488 11495 11496 11497 11505 11506 11507 11508 11513 11514 11515 11516 11517 11523 11524 11525 11533 11544 11545 11546 11547 11548 11556 11557 11558 11559 11565 11566 11567 11568 11576 11577 11578 11579 11587 11588 11589 11590 11591 11595 11596 11606 11612 11613 11614 11615 11626 11627 11643 11644 11645 11646 11652 11653 11654 11655 11661 11662 11663 11669 11670 11671 11672 11673 11674 11694 11695 11696 11697 11698 11708 11709 11719 11725 11726 11736 11737 11739 11744 11745 11746 11747 11752 11753 11754 11765 11766 11767 11768 11769 11780 11781 11782 11783 11789 11790 11810 11811 11822 11823 11828 11838 11839 11840 11841 11868 11869 11878 11885 11886 11887 11897 11904 11910 11911 11926 11927 11928 11929 11938 11939 11940 11954 11955 11956 11957 11958 11969 11970 11971 11986 11987 11988 11989 11999 12000 12001 12007 12008 12009 12017 12018 12028 12029 12030 12031 12042 12043 12044 12050 12051 12059 12060 12071 12083 12084 12089 12105 12106 12112 12113 12122 12138 12139 12140 12146 12152 12153 12160 12168 12180 12181 12191 12192 12193 12200 12201 12202 12203 12218 12219 12250 12251 12263 12273 12274 12275 12280 12288 12303 12304 12314 12325 12326 12327 12335 12340 12348 12354 12355 12378 12379 12387 12388 12392 12403 12404 12414 12430 12437 12446 12447 12458 12468 12469 12486 12487 12494 12498 12508 12520 12527 12534 12535 12583 12590 12591 12592 12600 12609 12630 12639 12649 12650 12673 12704 12705 12726 12774 12775 12808 12815 12827 12828 12835 12858 12870 12882 12883 12891 12931 12932 12959 12980 13014 13038 13064 15422 
	}
	manpower=1
	buildings_max_level_factor=1.000
}
