state={
	id=1025
	name="STATE_1025"
	history={
		owner = MOR
		add_core_of = MOR
	}
	provinces={
		190 363 594 841 886 922 948 1061 1283 1528 1582 1661 1689 1980 2252 2296 2404 2575 2832 2833 2854 2946 3539 3661 4384 4639 4643 4751 4782 5100 5129 5568 5594 6101 6133 6151 6182 6202 6215 6223 6228 6252 6272 6281 6298 6327 6337 6371 6395 6403 6443 6463 6493 6502 6608 6659 6670 6677 6721 6728 6780 6781 6824 6883 6895 6919 7037 7105 7139 7150 7173 7184 7242 7253 7261 7295 
	}
	manpower=1
	state_category = wasteland
	impassable = yes
	buildings_max_level_factor=1.000
}
