state={
	id=1165
	name="STATE_1165"
	history={
		owner = BRK
		add_core_of = BRK
	}
	provinces={
		29 257 1036 1233 1238 1303 1398 1437 1476 1540 1675 1913 2202 2454 2504 2515 2940 3015 3082 3172 3415 3713 3751 4288 4734 4953 5049 5213 5308 5469 5652 6982 7014 7026 7048 7055 7083 7110 7120 7121 7161 7186 7232 7273 7298 7324 7345 7346 7356 7385 7400 7401 7450 7456 7457 7467 7506 7518 7519 7520 7541 7578 7703 7704 7747 7761 
	}
	manpower=1
	state_category = town
	buildings_max_level_factor=1.000
}
