state={
	id=844
	name="STATE_844"

	history={
		owner = YAK
		add_core_of = YAK
	}

	provinces={
		47 518 660 888 891 979 982 1020 1543 1554 1685 1959 1961 2063 2100 2169 2489 2841 2846 2945 2991 3162 3164 3499 3550 3921 3992 4226 4307 4433 4576 4985 5022 5034 5037 5161 5491 9696 9709 9710 9720 9721 9762 9764 9780 9793 9832 9838 9855 9856 9868 9875 9876 9889 9890 9901 9915 9929 9940 9941 9942 9943 9951 9969 9970 9983 9984 9993 10005 10006 10007 10018 10022 10037 10041 10042 10043 10044 10054 10055 10071 10089 10090 10118 10119 10128 10129 10130 10131 10132 10141 10152 10153 10169 10170 10171 10172 10189 10203 10221 10223 10238 10244 10342 10404 
	}
	manpower = 605
	buildings_max_level_factor = 1.000
	state_category = wasteland
	impassable = yes
}
