
state={
	id=845
	name="STATE_845"
	provinces={
		319 386 716 754 781 1024 1109 1160 1164 1230 1265 1323 1377 1433 1812 1970 2033 2182 2313 2419 2541 2592 2690 2789 2795 2812 2910 3034 3231 3467 3506 3686 3821 3862 3869 3886 3907 4153 4473 5381 5467 5598 5703 8278 8325 8363 8398 8437 8535 8545 8546 8569 8588 8617 8618 8628 8657 8690 8699 8700 8768 8804 8878 8879 8925 8972 9001 9033 9042 9043 9081 9122 9146 9147 9217 9251 9252 9299 9339 9340 9351 9400 9401 9429 9464 9465 9495 9496 9510 9511 9545 9582 9590 9598 9608 9631 9644 9661 9662 9663 9706 9717 9743 9751 9815 9830 9831 9837 9866 9899 9913 9914 9949 9959 9992 10070 
	}
	manpower=0
	buildings_max_level_factor=1.000
}
