state={
	id=854
	name="STATE_854"
	history={
		owner = SEV
		add_core_of = SEV
	}
	provinces={
		77 159 486 510 635 741 843 884 885 928 1041 1112 1223 1286 1328 1348 1412 1725 1842 1853 2055 2181 2373 2886 2921 2974 3058 3097 3160 3163 3281 3693 3708 3805 3811 3874 3905 3963 4701 4879 5002 5133 5286 5436 5487 5548 9477 9532 9561 9562 9571 9610 9611 9612 9636 9648 9665 9666 9678 9679 9686 9687 9688 9697 9698 9699 9722 9735 9736 9744 9745 9753 9765 9766 9773 9774 9781 9796 9803 9804 9818 9819 9820 9821 9822 9833 9839 9840 9847 9848 9884 9891 9892 9895 9902 9917 9930 9952 9961 9962 9977 9994 10023 10046 10047 10098 10099 10109 10180 10192 10232 10259 10296 10345 10499 
	}
	manpower=0
	state_category = wasteland
	buildings_max_level_factor=1.000
}
